399
9 367
58
237
72
294
180
132
187
138
150
85
67
91
261
285
64
252
1
43
135
235
259
248
144
186
129
39
53
292
189
23
263
247
260
86
292
139
269
178
276
118
14
95
209
275
79
24
226
132
118
112
118
128
60
261
13
188
51
117
232
292
140
246
290
99
32
281
289
300
158
17
170
223
111
78
197
241
153
175
72
22
286
189
149
97
202
213
37
4
30
268
295
221
213
284
71
296
264
111
296
173
127
165
96
289
294
292
230
198
218
1
219
204
242
67
300
143
31
36
198
112
55
193
32
268
176
154
15
192
265
62
64
143
278
211
132
23
255
61
220
172
113
190
75
54
8
127
248
39
162
146
150
217
90
234
236
17
87
250
208
103
64
24
246
41
234
77
64
240
189
283
112
1
173
186
55
180
64
54
270
226
251
120
194
40
105
129
57
191
130
16
46
193
39
291
234
25
119
49
264
7
83
75
7
7
13
113
187
76
219
208
53
169
27
246
261
183
126
17
74
256
84
119
200
123
161
185
199
279
233
214
285
16
41
43
22
53
156
260
180
126
168
285
294
246
230
254
181
108
22
254
63
106
124
14
280
36
199
230
14
183
143
50
250
183
92
272
287
299
283
219
124
202
203
170
200
184
175
80
43
197
85
157
54
260
171
85
295
121
14
60
3
156
161
253
91
252
276
77
3
258
47
178
212
1
99
163
237
274
242
279
170
78
136
275
37
6
59
83
126
72
142
180
279
2
132
69
5
107
198
59
117
296
289
80
297
87
242
233
60
235
263
281
12
98
255
48
155
13
130
280
136
23
160
115
76
43
235
132
202
184
191
70
180
179
149
228
265
142
160
77
76
174
57
87
272
12
134
126
76
15
158
212
89
69
26
164
111
260
295
12
196
185
133
75
115
281
2
132
174
