413
28 287
86
264
87
57
27
220
235
103
286
92
14
74
160
91
289
22
50
284
86
245
220
218
71
87
251
124
218
124
36
177
125
174
192
211
282
219
183
216
21
168
59
86
294
218
176
282
240
277
17
25
274
237
294
44
23
244
168
292
68
255
168
192
128
59
102
110
29
36
77
101
204
136
186
249
105
113
230
96
90
299
172
63
235
166
158
9
109
77
52
228
32
219
171
211
29
25
72
110
60
149
210
15
36
148
263
192
260
245
288
101
243
159
163
229
24
73
237
185
149
40
164
180
10
87
143
38
111
214
199
222
114
161
237
149
8
251
41
19
195
80
120
189
238
34
117
14
106
105
250
7
144
113
186
153
199
80
243
61
294
193
283
107
53
271
8
112
221
100
183
168
179
54
108
168
139
277
181
297
133
182
3
277
47
240
181
245
20
175
58
13
120
40
171
224
62
230
36
282
29
270
201
259
23
9
127
161
285
59
209
117
293
211
145
39
151
78
35
222
4
92
286
123
183
208
47
244
138
134
278
218
103
178
177
177
238
55
89
274
165
298
143
157
260
39
247
162
168
282
83
172
125
68
46
8
276
144
251
165
29
280
82
131
210
10
59
147
116
148
173
33
197
67
241
156
105
188
18
273
221
152
196
45
220
241
52
247
137
55
111
165
34
244
48
295
6
106
142
121
5
66
153
201
132
94
109
236
33
178
260
253
29
155
297
300
96
49
298
232
155
160
148
240
104
195
235
109
1
128
281
5
193
186
258
76
279
118
63
63
295
23
15
75
177
63
127
24
163
124
7
17
36
155
257
139
49
191
299
101
18
31
158
262
216
115
37
246
284
99
8
30
121
74
104
50
137
282
73
299
158
132
16
193
286
24
83
86
214
133
187
283
163
44
244
131
210
280
76
193
78
136
274
199
209
129
300
97
111
72
96
268
255
163
160
