140
6 122
78
151
74
264
133
288
59
76
118
20
107
194
212
184
81
185
134
41
13
133
138
175
257
285
142
211
199
1
203
136
294
280
38
119
295
170
107
105
297
224
124
155
169
87
90
1
23
224
42
35
108
231
262
116
267
103
79
165
156
33
52
201
64
89
20
110
10
126
214
58
101
37
212
270
175
1
270
197
276
63
283
136
293
244
251
259
47
81
175
254
113
226
154
176
14
173
285
23
50
198
80
151
286
43
172
160
44
193
56
19
256
39
154
300
282
157
11
80
237
185
85
50
111
239
277
176
163
262
251
213
211
82
115
197
125
286
108
220
178
216
