290
5 174
196
185
287
52
195
119
40
131
203
141
293
193
118
169
56
79
171
20
41
252
134
237
128
119
97
47
48
12
89
233
17
284
169
55
35
115
173
126
245
128
267
290
20
84
158
127
214
80
146
254
31
279
243
211
97
91
257
197
102
97
181
170
80
49
224
166
215
149
292
211
28
10
200
47
145
109
174
58
188
19
63
271
50
57
181
198
199
189
94
52
286
274
221
65
74
197
231
40
97
274
251
124
283
150
222
127
259
147
236
198
218
298
168
267
107
48
164
5
237
258
57
222
283
29
38
109
225
268
148
21
241
150
196
275
52
118
101
62
264
36
259
181
86
127
147
244
174
11
248
162
20
56
83
54
85
173
214
9
140
114
82
133
263
277
107
14
94
260
75
110
47
34
290
132
212
137
127
85
199
75
299
270
182
133
75
266
5
289
27
145
102
160
29
116
136
187
130
282
146
256
91
193
41
132
76
252
20
203
89
218
29
87
239
262
219
14
228
224
54
6
120
207
165
148
22
52
86
203
85
232
159
227
176
199
59
3
203
78
257
291
48
37
77
38
299
47
103
278
270
156
283
141
114
199
40
136
250
126
90
87
109
248
13
36
199
71
90
101
201
47
143
248
135
219
285
133
265
88
162
287
295
144
127
109
94
219
296
96
44
85
