182
2 59
194
187
283
265
276
135
165
74
277
164
261
247
200
145
211
287
7
249
34
202
128
142
296
46
137
91
141
221
272
292
5
217
230
287
233
257
173
97
83
149
12
43
95
212
187
58
250
245
58
283
147
185
176
194
282
12
284
122
285
7
165
41
223
94
80
156
103
252
4
185
101
68
279
247
279
217
4
280
162
62
15
8
298
190
253
280
254
236
153
290
294
18
30
268
111
109
123
265
61
179
201
213
246
231
159
276
148
215
255
9
276
269
68
25
211
20
56
164
7
209
153
52
226
182
19
88
291
142
53
103
72
5
15
69
236
173
44
83
139
50
143
166
19
262
191
281
33
246
144
91
154
48
142
131
281
160
219
23
53
23
125
124
27
191
192
14
116
287
148
254
37
42
120
107
3
10
87
87
7
282
229
213
