229
10 149
61
282
261
84
34
35
260
210
62
151
153
127
266
140
275
271
176
16
90
34
71
151
120
157
158
153
138
70
233
207
164
293
188
125
128
274
159
88
183
272
290
87
99
255
226
125
225
153
140
67
186
262
217
57
119
126
209
8
247
193
214
111
238
154
287
65
179
197
152
61
221
141
147
71
147
125
195
124
277
86
242
215
48
158
271
218
36
232
225
34
176
138
144
113
43
182
178
221
79
81
33
51
274
232
121
120
56
15
295
84
100
236
298
147
146
21
64
233
4
288
266
179
178
162
292
272
43
169
193
173
1
277
223
274
208
43
146
15
109
140
99
209
128
148
107
273
168
223
205
171
262
222
102
139
83
93
163
178
13
55
50
13
31
25
39
291
67
184
5
176
75
155
136
202
3
294
226
222
216
182
93
178
104
246
68
238
38
230
115
102
36
165
114
119
189
204
109
7
87
165
234
214
20
121
115
74
115
93
295
82
274
139
259
77
84
79
67
173
8
181
274
44
97
140
214
285
43
22
44
