271
14 260
51
259
188
102
283
239
151
77
71
125
125
122
202
5
78
297
222
252
197
299
215
256
267
56
82
28
24
104
198
299
275
248
9
214
101
292
152
251
68
274
128
244
95
81
248
224
77
169
176
273
219
90
280
238
197
61
265
273
217
214
271
191
214
280
156
14
271
7
265
90
32
144
34
126
224
33
101
1
202
276
25
172
117
5
109
14
117
125
38
33
39
8
275
252
287
130
265
9
188
281
99
219
176
132
96
100
216
197
152
117
224
176
289
93
232
149
158
49
274
195
81
12
202
108
15
189
289
279
249
229
12
47
147
187
230
295
38
146
243
189
14
166
65
54
10
296
203
167
96
176
61
229
187
263
36
253
203
76
283
151
4
294
250
203
233
179
197
270
76
191
211
90
108
275
143
118
22
45
284
118
220
97
98
158
59
133
162
13
208
145
215
212
138
164
166
122
43
62
92
170
252
2
259
111
28
102
228
101
198
264
270
170
60
67
79
170
251
241
182
211
85
96
174
274
12
39
96
106
100
239
275
103
292
234
265
19
87
193
171
284
156
193
153
215
259
232
84
262
224
17
172
8
164
45
281
175
83
76
280
234
66
255
88
57
188
52
127
274
296
50
9
