403
2 16
117
252
145
252
213
68
20
136
127
184
232
107
58
14
235
90
299
300
44
138
109
283
242
235
8
237
284
16
140
277
229
8
229
125
12
193
192
31
29
18
266
260
177
76
26
163
165
76
214
260
214
22
242
155
9
1
143
44
16
282
21
297
42
1
121
53
193
65
135
273
134
101
285
62
176
62
224
92
137
138
51
102
211
44
8
219
44
151
15
111
184
87
107
225
87
280
277
31
96
112
56
229
264
40
291
139
153
266
282
41
155
32
143
66
75
150
36
170
52
50
280
236
136
139
160
274
170
189
5
265
300
60
193
263
151
235
153
55
253
134
95
107
217
237
172
43
139
208
212
242
9
243
177
197
133
89
170
2
277
174
266
28
285
211
290
187
145
194
241
97
79
88
256
295
24
127
37
214
86
300
156
95
294
84
291
127
172
212
128
200
86
94
227
122
56
216
61
200
161
1
49
239
140
56
285
216
182
73
129
20
72
36
166
66
172
208
244
43
119
71
243
256
216
221
78
271
189
138
223
49
190
23
40
30
78
24
297
259
97
125
30
220
213
195
285
84
102
280
178
221
51
172
176
18
93
5
289
281
142
211
81
84
285
120
165
62
144
161
72
240
37
102
159
1
296
196
84
98
175
14
70
277
237
245
295
81
250
35
61
143
245
194
278
229
13
142
42
208
54
113
199
143
214
58
143
210
5
279
59
231
44
128
260
280
124
254
61
73
288
173
268
284
66
245
264
131
139
5
38
244
169
237
86
83
46
229
44
50
259
154
32
2
281
291
281
104
296
93
229
35
266
196
70
31
140
33
161
30
89
251
274
258
187
59
92
232
39
135
33
49
40
116
50
20
107
83
175
154
175
103
189
192
50
258
275
242
43
135
271
183
137
296
140
23
107
283
6
197
169
90
246
208
206
