247
9 126
181
154
165
56
8
105
299
58
115
273
51
157
160
21
39
296
17
231
19
175
213
76
71
134
166
16
41
71
115
20
134
295
225
50
102
232
155
101
41
21
73
91
177
232
164
267
228
232
249
298
106
162
73
176
47
290
244
87
60
58
158
245
52
82
295
206
14
201
6
54
273
78
197
149
62
60
115
289
291
116
38
96
277
110
271
75
152
266
161
263
23
71
208
127
152
254
84
217
206
89
23
178
218
219
78
279
278
244
19
20
59
56
115
87
218
137
161
69
155
74
31
177
144
238
55
47
243
190
264
148
278
38
77
248
256
154
226
285
98
245
56
156
52
170
295
269
58
155
37
212
228
68
141
123
57
247
170
52
137
185
251
166
222
28
113
229
233
91
213
30
87
268
238
138
189
232
107
298
138
195
262
66
14
102
240
71
100
109
122
288
293
72
154
214
151
18
142
84
160
106
165
246
125
154
136
65
137
294
115
275
188
76
92
202
229
31
24
28
140
197
68
184
268
221
150
171
290
43
254
150
149
118
147
25
24
282
142
160
275
256
134
215
31
225
168
11
256
