191
8 104
87
82
77
276
274
others
151
250
148
33
46
140
143
138
249
48
84
245
60
31
253
258
215
276
298
288
278
275
238
22
92
273
199
139
others
95
270
46
259
50
133
104
268
282
242
142
125
12
others
32
71
265
230
28
135
248
218
129
233
141
165
11
148
115
223
107
76
137
185
245
45
286
295
199
28
152
74
285
235
6
297
202
287
77
254
190
265
260
93
289
250
64
106
47
198
197
216
267
136
125
168
191
45
194
112
61
125
187
275
22
others
67
68
others
179
96
148
281
188
134
159
112
70
265
283
216
256
77
170
278
others
198
111
260
104
101
287
298
261
151
52
67
204
81
177
226
236
61
53
148
113
275
211
206
37
270
226
198
231
others
89
152
54
121
232
119
267
246
116
152
10
44
157
169
219
247
54
others
114
69
222
192
31
117
39
102
89
35
137
136
77
