166
2 22
300
97
161
175
84
130
232
10
129
39
others
109
171
279
others
288
252
others
276
264
179
82
120
60
199
272
238
244
100
164
133
117
286
1
18
others
56
57
294
175
18
38
279
115
254
63
181
275
237
others
42
149
257
76
124
246
149
148
68
others
292
264
105
37
16
294
20
205
150
81
231
166
114
9
27
58
190
241
10
34
244
81
272
others
18
others
253
130
180
others
205
28
128
139
297
214
250
7
84
197
27
100
260
96
118
200
4
220
299
73
others
39
32
8
250
267
49
254
98
198
297
93
128
236
121
173
45
137
60
295
99
284
183
207
89
299
6
138
154
11
132
180
197
56
263
265
168
261
289
82
75
215
275
265
228
259
261
38
258
165
248
85
182
216
others
51
