134
25 56
208
186
47
98
172
195
245
245
287
53
59
120
216
31
154
279
167
253
127
70
38
181
others
1
2
others
others
40
285
226
220
others
171
103
6
98
239
128
155
33
233
268
144
54
232
18
287
41
27
206
118
178
138
100
others
252
212
54
30
235
190
217
76
others
152
134
150
129
68
83
112
172
5
130
83
48
120
253
272
297
184
196
244
124
55
118
240
293
265
30
238
124
92
4
217
238
233
237
260
291
266
232
149
201
98
265
7
196
215
213
251
others
35
112
31
113
262
253
20
276
82
7
79
290
154
279
104
287
34
237
252
112
144
75
