300
12 94
107
207
1
225
32
206
299
214
270
178
154
172
284
161
127
158
233
145
208
172
276
231
241
165
22
142
292
9
292
39
176
103
261
92
67
159
143
119
37
98
129
285
56
146
19
217
133
53
18
64
158
282
167
135
187
13
others
238
94
76
20
others
12
48
others
269
137
161
103
206
31
160
others
282
others
276
101
154
193
245
64
109
163
255
67
110
182
101
117
64
191
51
174
155
209
66
63
276
194
46
194
109
175
275
43
144
others
27
150
223
83
82
213
175
39
118
127
59
186
96
175
212
133
264
others
others
278
203
86
48
296
108
142
175
3
7
209
88
260
126
288
188
247
others
218
208
170
87
284
37
282
20
13
282
157
154
129
161
234
others
72
116
183
251
214
257
82
137
134
169
29
237
167
283
267
others
others
278
175
58
19
87
93
297
92
19
291
29
156
62
204
212
38
others
221
52
277
142
112
98
106
127
227
6
271
255
234
137
159
235
151
173
175
300
255
292
69
260
78
128
135
273
52
91
100
92
62
130
29
25
82
others
291
197
175
219
159
77
51
224
244
205
83
45
266
others
242
250
253
103
222
188
263
94
235
267
135
288
256
80
257
73
124
233
271
59
55
76
13
others
289
others
23
92
104
others
251
10
200
6
29
others
61
152
215
176
85
78
229
136
144
145
265
272
200
139
92
64
50
81
