352
8 3
88
100
145
133
217
125
40
86
282
94
206
25
199
294
243
237
217
27
109
42
234
139
249
228
38
244
222
157
11
138
202
86
110
232
23
294
243
228
55
225
279
140
187
123
249
202
34
20
151
164
80
128
40
265
13
291
108
others
229
243
129
78
184
109
152
207
others
5
245
others
209
52
145
others
265
53
4
59
32
272
242
166
68
2
242
72
others
269
272
208
240
185
142
233
213
108
186
132
246
16
107
88
14
76
240
25
242
226
203
8
63
72
191
253
139
others
159
290
20
209
99
243
245
228
26
65
154
others
143
284
163
227
22
others
33
104
191
275
214
86
189
79
90
137
61
266
281
296
211
146
147
178
295
275
54
199
others
35
246
87
147
280
295
180
216
200
26
202
281
32
288
79
10
208
139
12
98
others
267
49
171
48
129
72
177
246
others
269
240
205
222
167
260
others
123
263
211
293
63
148
219
207
221
6
others
42
230
198
238
218
270
157
242
270
212
243
14
others
128
197
60
162
199
230
171
299
28
123
55
273
13
201
219
63
40
133
249
88
157
86
217
270
43
others
40
116
254
181
257
271
5
146
200
204
others
187
others
266
104
69
269
others
251
146
172
6
22
182
189
82
178
17
228
79
66
226
83
256
49
44
21
149
252
15
others
238
116
254
91
126
231
190
275
149
50
47
241
others
80
188
25
197
183
235
234
129
163
228
267
264
20
137
61
others
others
189
19
197
235
225
242
83
124
45
189
158
122
271
45
others
171
30
294
193
108
147
223
257
42
187
61
others
90
63
138
211
45
1
21
70
62
280
