349
27 304
290
268
102
162
others
98
211
52
29
22
115
240
276
273
207
92
250
168
226
others
154
270
221
138
219
others
125
78
121
164
115
275
118
220
275
223
293
296
17
214
others
72
298
72
others
144
294
286
13
153
262
219
19
219
151
75
20
218
47
186
28
others
251
183
others
54
213
233
290
123
87
138
94
226
200
46
296
51
78
13
71
73
141
70
261
23
140
9
19
126
201
196
292
193
230
215
74
138
96
others
151
259
278
276
4
265
75
151
157
186
52
241
191
92
38
146
254
282
122
279
161
133
155
53
182
201
142
163
271
70
193
248
70
128
238
119
153
85
90
121
others
8
214
others
227
296
140
264
others
151
1
62
24
211
87
135
104
39
64
5
68
161
294
115
20
232
37
277
242
276
270
98
57
194
30
214
197
3
3
210
237
93
185
137
8
258
79
102
243
58
245
121
150
83
96
225
184
others
138
194
58
225
258
22
126
225
207
263
272
259
89
100
3
40
50
88
188
47
91
97
4
37
118
17
97
208
261
209
215
207
37
176
58
121
94
115
290
6
203
247
100
235
213
75
196
others
others
260
others
231
48
234
others
others
65
201
152
276
82
others
134
65
208
243
155
89
74
43
65
276
234
46
167
253
175
29
85
219
116
295
138
223
261
37
6
206
292
128
128
157
26
61
81
206
244
others
87
44
260
123
143
8
83
95
18
263
240
257
107
268
113
183
others
245
others
208
200
85
153
244
182
264
85
246
133
293
253
others
152
others
260
158
248
192
225
21
145
31
256
172
241
85
142
129
173
252
288
42
207
