460
18 211
61
132
232
26
273
100
50
98
101
others
209
271
175
232
180
28
227
179
123
149
165
15
182
154
219
148
124
150
91
139
253
14
128
141
149
148
288
30
130
254
124
227
272
others
260
136
155
195
146
283
76
110
96
284
126
24
142
248
78
279
285
53
others
173
34
61
37
others
113
160
247
187
134
253
234
52
96
161
155
230
241
48
212
213
228
14
7
262
138
155
others
others
166
257
others
260
177
111
82
216
198
287
232
148
265
244
64
202
145
1
others
68
72
others
56
265
7
261
250
60
others
73
143
10
185
24
74
201
72
101
287
132
68
283
56
35
97
154
186
225
277
298
91
299
209
41
268
292
67
157
68
others
50
102
16
56
77
93
2
133
others
209
148
48
278
140
147
208
240
235
190
298
95
237
233
110
293
134
22
157
189
95
135
35
others
132
62
73
271
56
129
128
287
12
246
111
216
273
11
228
79
231
188
48
63
60
72
11
252
170
242
83
238
11
114
176
298
85
161
147
39
166
145
219
2
44
121
204
182
57
204
239
143
190
207
others
293
106
176
36
164
224
258
93
144
others
186
300
198
82
224
152
59
105
281
214
272
180
15
119
173
258
230
137
146
35
134
37
195
229
34
123
31
233
25
7
157
others
221
others
218
186
290
46
116
163
others
257
38
46
43
64
16
others
69
53
106
140
264
83
210
31
282
77
others
186
226
168
122
280
206
280
125
209
4
219
others
94
288
93
44
183
278
13
6
94
127
25
192
91
224
213
11
286
227
264
160
290
300
others
97
19
206
278
276
96
129
215
65
241
81
13
154
77
56
210
249
179
75
2
276
53
157
47
270
17
294
290
31
53
233
43
294
138
others
170
289
11
240
222
147
259
267
40
65
others
105
34
202
167
10
185
10
299
others
262
158
42
219
224
224
135
143
179
39
125
132
150
others
194
others
212
126
203
138
182
41
142
236
279
116
125
others
192
225
181
43
123
97
15
256
48
15
178
others
27
11
73
281
96
152
53
67
165
4
150
178
6
others
246
143
222
228
182
114
165
4
others
196
38
