163
1 45
33
272
267
252
111
135
92
220
41
22
225
295
166
284
others
246
190
109
81
122
228
288
175
91
296
154
248
89
37
300
197
122
162
97
93
236
others
143
others
120
97
148
224
156
59
251
152
144
105
others
211
268
20
41
95
130
288
234
69
275
48
134
100
67
270
152
272
120
33
245
176
69
others
others
195
103
129
296
69
236
289
21
11
3
52
222
73
others
44
254
223
35
148
83
143
6
210
194
218
14
195
299
277
others
261
61
59
286
176
173
242
252
8
174
93
245
others
6
133
221
254
28
127
73
237
71
227
133
271
158
193
154
96
268
214
125
221
282
269
101
103
135
49
14
24
186
24
87
250
150
294
82
231
66
221
156
141
103
60
260
90
51
184
