235
5 135
237
40
182
193
71
269
298
others
198
150
82
155
87
161
others
270
145
4
67
74
91
177
138
231
231
152
116
42
130
282
299
277
others
273
32
18
193
261
55
others
75
101
others
196
96
193
179
41
others
70
164
157
33
137
112
176
127
127
222
214
3
215
131
123
72
170
31
290
299
253
234
47
209
16
299
199
139
235
others
156
52
177
207
248
96
14
81
others
285
others
136
36
180
48
130
241
32
15
87
195
others
263
20
35
258
91
272
224
200
201
277
262
62
51
291
82
205
199
147
280
188
2
248
62
247
227
207
35
165
219
134
others
97
262
45
99
11
143
others
156
217
49
271
194
272
93
113
142
15
255
97
290
257
117
87
106
106
others
289
66
236
116
112
60
164
236
119
171
109
160
62
251
223
others
3
274
22
others
149
63
266
76
276
263
284
83
191
17
265
75
227
9
240
186
101
152
298
253
225
161
89
58
28
143
188
62
68
167
271
147
103
240
29
229
159
266
84
30
200
206
193
5
141
others
78
285
19
85
167
156
154
25
247
99
278
