385
21 119
41
214
5
41
60
44
109
202
50
27
3
221
165
others
102
293
190
210
34
219
275
180
156
8
111
178
48
221
216
183
13
263
134
251
174
64
131
34
128
242
75
103
269
138
132
253
196
201
87
299
21
211
58
241
285
175
53
286
104
257
143
others
176
222
235
25
283
209
230
276
83
others
128
260
237
218
229
273
132
169
167
72
231
240
181
179
others
201
122
227
233
293
244
17
212
192
234
278
295
128
others
241
65
47
157
48
others
2
57
291
6
97
249
207
146
221
196
others
105
198
7
others
36
142
120
112
170
168
138
164
264
168
48
170
others
113
others
120
265
others
249
14
170
287
59
95
37
284
64
236
76
41
262
92
225
11
48
43
256
28
283
191
135
155
others
149
190
199
others
77
232
2
214
300
125
39
201
179
207
37
175
46
125
214
39
104
181
1
253
68
26
288
others
65
251
134
37
188
228
188
195
235
252
274
234
33
198
289
238
30
205
12
146
153
103
others
188
229
259
95
294
256
250
279
others
126
275
298
191
245
46
95
6
124
276
209
96
263
159
36
105
16
154
3
18
89
280
296
205
250
88
200
73
32
260
242
31
247
73
228
247
153
251
211
71
87
121
others
others
124
294
27
73
260
others
286
7
248
143
111
122
71
287
187
91
253
126
161
55
146
111
101
74
73
258
180
184
74
166
263
22
92
297
149
176
233
281
102
133
73
160
273
255
16
58
179
245
29
26
148
27
238
217
113
264
191
137
218
261
14
212
200
267
201
209
245
181
293
221
198
42
others
54
73
210
135
30
80
66
288
81
12
165
57
161
others
145
131
159
264
41
240
236
118
52
78
140
144
145
193
258
258
95
52
43
73
270
204
136
10
229
70
280
124
216
