180
15 40
189
126
130
122
256
218
212
207
184
213
266
53
155
145
159
201
200
127
261
278
256
287
121
254
others
130
250
283
214
78
1
223
160
others
others
88
204
25
19
132
248
161
246
105
23
35
15
others
109
47
210
119
12
240
225
190
135
others
245
43
262
93
137
151
19
9
134
144
21
228
206
170
218
224
71
233
95
8
91
280
158
140
166
189
170
184
232
218
198
63
108
52
others
237
21
128
256
273
2
112
276
49
151
others
107
68
269
220
229
60
124
179
153
5
12
128
162
298
142
111
78
266
48
191
40
225
136
295
58
298
166
159
53
142
12
246
182
240
95
257
132
49
88
111
145
17
286
others
83
36
285
236
243
146
108
274
36
62
169
72
others
127
67
107
51
296
174
252
209
others
4
59
3
others
43
289
others
others
237
195
