142
2 72
15
26
184
85
178
10
68
others
171
31
299
140
186
291
230
247
208
178
198
42
27
146
283
others
252
202
221
46
181
others
19
157
104
69
48
179
265
272
204
152
80
209
146
209
93
187
71
89
129
278
19
others
283
229
185
146
186
15
60
109
266
67
142
others
64
250
199
116
28
120
229
228
70
others
269
85
103
75
58
others
79
7
218
159
271
209
294
64
181
296
67
188
282
112
101
others
45
209
93
11
148
13
158
7
139
291
133
73
191
206
13
171
140
123
249
47
155
40
239
153
152
33
21
202
93
255
others
266
7
152
272
154
61
241
42
180
236
281
121
272
93
70
