454
5 245
212
138
197
71
148
14
56
131
94
others
267
177
58
53
59
216
64
187
193
33
23
43
255
182
19
253
232
20
282
270
262
61
43
36
255
others
217
159
44
23
58
151
156
81
46
281
40
84
40
120
239
75
17
130
25
226
180
122
49
276
56
153
50
others
158
135
48
3
194
227
36
51
279
54
178
225
37
132
116
279
14
121
126
176
59
289
58
165
15
167
298
229
272
others
222
165
15
47
264
211
180
219
95
24
52
53
86
136
92
248
209
52
201
166
others
237
80
291
42
34
8
194
170
254
88
78
65
74
30
180
67
259
126
71
15
64
294
219
38
176
124
224
237
256
287
223
54
3
234
150
282
74
170
190
215
135
122
278
158
77
172
1
284
208
181
269
270
188
137
149
247
141
144
230
154
249
109
54
56
113
70
201
227
others
218
218
113
35
31
9
22
13
258
274
others
1
271
239
41
13
299
225
92
others
276
58
136
179
188
210
41
166
214
209
24
16
254
237
4
219
286
79
98
18
264
55
240
16
76
160
300
173
271
102
215
others
99
74
247
286
122
267
12
266
9
237
104
64
269
100
288
188
145
87
155
54
163
141
others
12
283
172
109
211
204
117
21
others
68
8
186
2
184
26
299
100
38
118
258
79
194
103
250
79
246
291
3
284
185
174
98
216
296
85
217
217
others
24
150
128
292
279
213
231
others
83
129
6
135
180
5
161
166
224
90
163
272
178
206
84
16
150
216
71
49
153
149
218
53
134
296
27
240
203
117
227
205
28
36
222
152
others
242
others
299
189
50
66
171
237
6
171
44
82
99
162
180
54
156
167
174
252
22
264
37
35
167
252
154
40
others
254
3
190
229
64
215
77
84
284
43
161
274
223
248
130
others
155
193
128
205
275
9
159
others
263
211
250
91
others
186
228
others
123
231
195
192
57
24
96
212
others
285
109
26
218
217
116
31
119
239
199
287
134
26
279
90
111
90
254
193
131
119
206
236
162
194
56
120
293
221
134
207
188
268
216
115
73
43
135
158
204
160
282
