276
26 256
168
288
68
268
141
192
201
49
157
others
109
185
183
165
248
119
others
97
269
173
217
159
211
230
42
30
194
111
186
66
299
248
others
56
212
170
95
49
287
176
others
33
170
122
222
240
175
265
35
28
299
177
276
150
7
146
281
258
21
258
70
266
136
262
2
219
289
197
124
31
123
42
106
6
130
172
211
others
67
267
248
171
84
253
166
89
262
195
130
246
266
262
others
274
114
243
229
50
232
271
140
189
241
220
139
133
34
32
52
162
50
31
268
42
237
others
174
228
227
others
64
272
265
239
113
286
7
191
199
278
47
210
117
87
36
211
246
300
237
30
142
262
82
175
188
114
280
207
212
242
66
150
others
273
192
123
17
285
40
78
114
others
18
293
164
others
138
292
others
297
others
57
58
183
252
77
254
211
213
251
189
56
58
1
others
111
219
163
260
126
108
81
295
136
245
34
16
212
188
263
13
131
291
11
90
266
141
63
others
145
36
217
19
227
92
258
65
138
134
110
88
224
120
others
236
290
241
74
86
268
293
136
118
216
226
277
99
293
290
228
223
300
176
174
176
294
222
29
154
93
21
144
74
141
47
40
37
184
215
29
1
10
150
others
33
134
31
others
165
218
183
232
99
287
275
155
