485
238 457
295
249
235
213
223
162
237
242
156
235
173
226
295
257
164
234
208
236
218
187
248
245
215
204
193
222
174
204
180
185
159
273
283
243
186
206
255
221
246
209
254
269
284
249
173
246
182
231
182
250
268
280
195
280
282
237
300
254
239
278
288
248
251
271
289
235
275
192
156
168
250
208
287
182
156
160
278
188
188
257
236
156
185
280
234
264
165
234
218
202
160
206
300
261
275
236
294
249
226
248
267
176
155
202
156
161
211
283
297
197
188
233
203
223
161
234
187
176
266
202
228
275
258
175
184
232
209
177
279
285
275
246
160
228
298
166
239
157
247
184
204
285
266
204
155
277
236
192
250
202
192
276
177
247
151
210
179
210
237
256
194
160
202
152
185
298
266
222
252
160
255
254
243
221
158
248
296
244
237
246
295
279
169
270
226
268
180
203
177
215
159
169
172
159
269
207
254
183
279
206
193
234
160
233
253
265
181
196
157
268
292
250
246
259
219
270
226
197
172
201
261
279
168
231
235
287
288
189
268
215
193
258
246
151
191
297
266
222
193
272
189
282
170
233
241
239
203
167
285
173
218
194
151
184
275
236
171
211
223
236
224
266
194
268
267
183
264
180
255
157
250
242
237
270
273
177
208
273
292
291
296
157
283
245
191
206
279
159
215
202
245
289
266
237
204
180
218
168
210
271
273
258
160
209
228
283
184
234
256
274
173
199
229
156
242
269
212
220
226
225
220
269
213
283
154
267
163
222
233
171
193
154
279
203
213
155
185
195
238
239
266
261
236
195
214
177
262
276
247
188
200
265
157
211
248
161
276
209
181
157
178
223
161
255
276
171
259
259
216
197
295
280
256
231
174
170
206
286
243
153
173
241
215
278
250
261
236
174
169
267
181
295
190
192
249
263
161
208
170
226
203
165
154
159
193
178
276
249
163
219
199
284
160
264
210
208
225
296
232
192
262
263
284
250
253
233
213
263
239
232
287
292
195
291
249
238
266
225
186
227
242
235
211
200
297
271
258
170
214
190
159
274
251
293
224
151
226
234
264
263
264
199
255
159
288
204
194
254
226
230
181
266
263
242
165
208
160
221
176
172
208
185
296
159
276
