495
141 500
252
222
263
216
271
218
224
258
219
268
160
243
296
190
209
207
230
224
213
240
242
239
210
300
273
206
159
249
223
266
248
175
188
211
240
256
226
262
162
243
230
172
186
174
212
245
179
291
266
242
179
208
181
238
208
252
242
165
298
165
281
194
287
266
255
227
222
279
189
182
222
217
204
258
189
213
300
218
152
214
160
181
272
289
217
278
188
256
293
186
219
221
230
206
187
283
283
207
209
270
239
281
285
241
186
174
252
284
190
254
198
298
232
268
286
299
246
272
203
187
158
271
258
186
177
243
169
257
248
228
175
285
156
159
225
192
281
177
274
170
280
172
168
160
290
252
159
184
224
159
169
180
280
276
216
157
167
182
212
264
208
236
249
214
245
272
204
174
298
178
194
226
298
159
236
236
209
193
270
230
202
288
260
280
212
273
234
229
155
296
291
213
232
239
224
275
211
278
246
157
253
290
181
251
247
215
186
155
205
254
183
205
190
241
184
252
214
268
278
167
212
269
177
241
156
251
216
164
177
260
171
228
249
299
178
294
214
162
299
217
214
280
271
253
220
253
153
284
169
229
248
231
295
275
172
151
174
185
165
299
295
283
226
192
282
202
185
294
214
282
158
278
261
279
179
181
180
181
263
199
260
211
280
203
284
249
203
256
284
166
254
227
299
180
268
229
232
153
170
244
233
178
170
194
255
198
173
233
229
233
282
287
242
210
189
225
159
190
279
241
154
233
167
250
211
285
277
241
236
297
185
169
273
204
160
176
252
281
259
279
214
241
214
155
248
201
178
257
189
157
197
192
239
214
292
248
297
269
188
233
213
223
200
186
277
210
159
177
190
268
254
202
156
167
207
254
166
235
159
204
189
206
246
226
218
186
174
215
253
212
246
166
284
295
299
209
153
158
183
193
224
287
244
230
252
249
282
267
281
290
171
170
294
215
246
159
199
270
172
152
181
267
265
263
210
264
172
213
272
205
203
294
289
245
171
241
194
153
208
273
241
177
293
182
190
187
289
239
254
161
188
233
226
153
196
234
267
166
296
187
168
199
181
157
294
202
248
286
152
155
258
191
280
199
223
169
183
160
258
287
170
244
168
194
247
214
277
214
178
273
199
196
270
177
203
