487
274 498
296
179
201
202
167
181
198
240
200
231
249
255
166
217
199
184
209
295
196
186
157
224
257
153
269
175
180
270
185
155
218
180
183
269
232
200
299
228
238
297
159
285
200
273
300
248
157
208
191
203
192
296
224
246
299
193
271
277
261
253
281
178
283
262
245
163
260
192
240
296
286
197
228
186
169
176
232
274
182
273
176
223
216
250
267
163
241
186
289
202
289
218
178
220
180
220
232
238
262
270
234
248
167
260
231
284
285
163
257
167
233
231
188
299
279
155
162
220
190
249
220
277
167
195
196
295
265
278
233
175
196
264
220
213
172
151
294
157
262
199
173
195
280
211
194
259
163
205
277
151
154
295
278
268
288
174
263
253
152
293
225
198
205
243
208
227
192
300
233
154
199
204
198
179
213
242
236
226
245
161
227
196
156
204
164
293
228
225
194
177
218
217
173
221
160
179
297
202
179
230
205
228
232
201
205
295
241
291
168
185
250
245
179
255
247
291
196
272
216
240
299
231
254
270
152
264
298
299
165
177
177
168
202
259
219
205
201
160
293
219
293
243
262
172
198
208
163
192
180
176
229
277
257
183
247
259
297
193
205
260
219
180
278
219
288
295
274
287
252
267
206
245
209
168
214
205
174
227
246
152
201
175
227
158
208
271
214
153
164
217
262
181
247
188
250
183
280
171
170
232
288
226
177
295
191
241
199
163
265
243
262
166
216
189
271
222
160
283
225
173
200
285
204
297
270
251
179
250
272
199
280
260
222
157
202
211
195
199
224
258
292
284
222
156
172
193
228
182
176
251
153
174
183
154
170
153
255
297
201
227
294
181
285
164
286
187
225
279
236
246
237
176
230
158
182
252
299
260
231
272
210
182
296
191
186
264
194
291
261
193
166
202
172
300
216
256
187
290
234
220
184
269
246
264
225
277
163
171
237
192
293
245
172
237
234
207
200
278
296
259
269
161
161
239
259
226
194
244
164
226
164
296
195
259
260
217
236
221
238
271
211
179
163
232
266
247
237
166
172
233
222
239
192
233
177
249
257
221
192
219
245
206
215
238
263
272
155
297
193
191
215
201
220
228
283
283
273
168
299
243
199
169
181
188
251
208
287
