481
224 479
224
172
182
289
260
295
261
212
239
251
253
154
152
270
232
233
253
153
251
200
245
300
218
276
286
267
282
272
273
157
249
197
179
281
283
237
223
244
299
260
293
251
264
295
169
294
228
272
297
277
172
190
224
188
264
210
155
246
182
277
253
228
272
230
157
255
166
178
296
165
288
289
214
252
231
233
246
257
153
190
233
174
230
255
212
193
165
164
237
294
291
287
222
211
217
229
165
181
256
259
293
192
196
207
293
277
237
187
233
240
227
166
212
254
271
221
297
234
235
182
176
174
169
248
235
183
274
198
214
178
255
207
220
300
211
161
277
298
197
210
186
274
174
195
228
243
266
173
176
299
204
202
173
171
247
206
204
169
253
267
295
208
174
163
208
235
173
282
181
220
192
216
292
163
261
219
256
175
190
230
174
192
229
295
212
176
201
266
293
252
181
288
159
204
151
165
237
272
297
215
192
286
281
183
299
190
200
255
163
240
184
285
281
211
280
291
237
181
257
178
282
287
264
239
289
265
202
174
236
198
239
226
282
168
207
281
156
257
184
169
294
218
154
223
279
232
214
164
262
171
290
192
256
254
229
193
166
281
216
252
277
253
276
259
218
182
240
224
237
273
190
231
289
292
154
215
223
218
177
283
186
166
273
292
270
300
184
286
281
198
186
205
151
259
262
167
291
299
240
176
220
228
256
209
168
260
222
241
275
196
172
161
160
243
251
228
243
285
161
171
281
295
174
281
254
286
298
193
285
186
218
205
212
174
211
229
232
231
268
155
277
289
166
235
180
266
162
220
199
173
241
179
168
213
258
271
199
204
262
281
187
180
186
249
152
195
178
181
275
295
284
200
232
299
284
210
213
296
280
210
267
169
239
285
232
295
204
228
198
165
209
235
293
193
184
242
237
159
221
160
154
205
210
184
152
292
244
215
288
171
274
255
190
161
187
271
155
241
199
151
204
206
236
294
249
218
236
186
227
157
196
179
160
203
213
161
195
254
174
280
275
298
183
263
256
220
234
209
258
231
210
260
235
296
254
183
162
288
167
238
295
160
215
252
213
225
263
206
179
287
186
252
232
166
215
286
236
246
195
292
275
