480
200 459
199
205
242
211
192
259
247
285
217
161
237
280
236
298
185
213
284
169
165
164
185
178
300
218
274
195
210
248
248
259
157
297
261
197
156
251
156
252
236
170
211
270
300
297
216
283
158
298
249
173
162
232
201
260
300
174
253
157
220
201
266
227
296
175
274
249
276
228
299
159
248
210
279
195
155
195
276
163
290
225
284
152
156
185
209
254
157
162
261
227
212
174
252
156
199
174
255
174
199
254
183
297
262
260
290
267
253
265
228
243
190
212
192
294
246
251
247
201
263
156
225
273
180
177
226
176
298
181
298
197
232
181
194
292
239
281
206
192
246
284
232
234
195
222
227
239
173
272
238
234
278
163
154
255
287
230
281
285
209
279
182
239
258
174
230
197
253
286
187
199
270
217
282
263
289
157
202
260
279
289
193
205
250
197
160
237
225
239
170
284
166
300
222
274
271
152
269
224
236
253
272
206
170
202
266
256
157
168
216
234
255
259
289
152
254
246
239
179
185
206
260
200
206
182
174
177
282
240
250
218
193
222
222
161
222
188
267
229
153
182
163
206
239
152
208
290
196
296
267
230
202
227
280
206
207
252
232
189
290
182
205
183
202
276
291
274
262
258
151
265
238
164
170
274
264
176
212
159
270
277
187
270
203
265
175
260
217
257
246
154
237
249
187
289
225
276
211
284
181
160
197
217
272
217
191
236
190
201
193
160
177
230
279
178
293
154
236
209
261
182
213
296
280
198
233
153
271
294
287
152
252
183
219
224
198
207
160
238
258
300
195
233
178
174
261
170
178
196
177
237
176
188
181
156
184
264
256
155
258
191
157
158
172
225
232
167
282
190
255
188
190
248
270
165
272
231
185
248
277
160
283
152
198
164
256
232
278
160
236
184
200
191
192
222
266
274
239
196
163
291
233
151
187
151
166
158
232
299
204
156
159
186
256
207
200
160
236
177
169
270
159
167
161
200
187
224
174
223
270
285
162
151
285
199
152
151
155
181
247
208
187
256
244
293
260
294
251
294
269
270
264
277
287
223
275
271
297
247
194
214
231
206
163
164
203
164
263
207
293
210
265
180
165
209
271
275
151
222
269
217
