489
270 494
224
254
267
195
198
214
239
210
243
243
223
257
295
185
219
300
178
227
265
156
242
272
225
165
273
296
232
190
233
211
182
157
164
299
201
160
160
238
220
253
278
241
157
221
223
174
221
199
251
186
204
290
158
227
155
229
223
184
216
156
245
248
260
207
194
161
217
152
197
235
203
175
273
210
246
196
182
265
193
282
249
195
272
205
271
225
283
292
207
297
297
151
193
257
208
237
216
222
187
263
255
239
235
228
247
279
222
278
243
264
208
290
257
278
194
228
151
275
219
207
272
164
208
165
271
214
199
285
286
236
196
240
273
281
266
219
259
285
295
300
197
203
290
154
279
184
231
280
159
300
187
229
164
193
243
233
204
292
218
190
228
264
228
298
192
291
217
151
276
160
249
173
213
239
177
290
220
258
270
177
206
254
255
220
245
296
251
299
288
169
188
164
230
214
162
272
153
177
221
279
187
170
250
198
207
224
188
225
280
157
199
185
209
252
203
154
248
153
152
236
270
288
198
298
300
209
218
152
184
289
229
220
257
276
268
261
200
253
284
180
260
183
163
267
285
163
271
233
264
221
267
234
209
164
179
208
171
247
158
205
183
237
275
238
213
190
297
211
293
280
240
201
261
201
168
245
214
237
276
178
157
242
209
164
204
186
170
225
283
178
280
264
264
202
299
275
190
296
185
183
224
223
234
184
222
200
227
285
235
151
261
242
191
268
203
245
154
223
268
234
250
195
296
162
195
295
235
235
238
218
268
260
291
300
242
212
298
169
295
233
267
204
174
256
171
227
298
175
248
266
259
198
259
254
210
154
197
242
187
285
160
155
244
300
253
186
160
251
152
253
183
217
157
155
173
276
180
171
300
278
234
207
175
193
259
183
294
155
275
181
238
284
185
280
232
236
263
190
186
265
241
219
280
196
172
153
171
202
173
171
180
205
176
205
248
284
185
242
237
258
272
273
190
255
252
272
191
215
260
175
278
201
192
206
194
214
209
215
266
180
236
295
235
210
298
280
292
183
222
229
290
292
201
278
195
251
249
183
264
157
208
190
155
249
246
199
261
253
264
226
230
298
169
165
208
167
243
199
297
164
226
235
254
225
213
298
274
260
279
