488
35 487
226
219
234
270
216
292
222
180
218
152
276
185
265
282
202
207
279
297
169
204
232
221
227
294
167
200
202
296
236
266
280
259
185
162
229
251
154
249
229
170
199
153
205
163
284
204
168
263
201
285
265
282
154
289
224
170
189
276
264
223
189
244
182
224
203
208
272
207
157
299
174
205
151
229
166
285
283
282
196
183
215
160
263
219
299
285
187
286
261
300
157
248
192
286
171
245
194
241
249
299
240
221
152
189
300
266
174
230
248
167
211
261
275
174
179
274
159
164
208
218
164
163
165
153
299
284
196
291
173
243
237
211
164
239
249
163
204
221
191
250
238
252
210
213
224
187
285
181
201
291
197
162
251
160
165
198
242
211
188
265
153
223
175
167
260
222
278
262
293
169
211
178
219
219
189
293
256
271
174
255
262
220
267
213
230
282
260
171
290
246
234
241
267
207
206
227
279
183
188
219
300
197
195
218
266
234
211
170
153
182
275
264
200
241
275
228
171
183
197
259
227
280
200
194
285
255
218
263
236
204
280
236
251
273
252
165
155
260
283
157
292
258
271
290
297
194
218
167
174
264
224
251
192
273
242
177
176
160
238
210
162
166
296
211
289
195
226
293
155
209
300
245
265
219
235
261
263
251
226
235
163
300
185
153
221
225
179
247
183
215
157
195
230
250
256
219
243
280
160
248
287
160
291
252
229
174
213
289
223
237
224
235
184
207
238
255
282
215
299
263
279
156
158
209
204
212
226
297
192
235
193
179
193
282
280
271
156
291
208
228
175
230
261
209
286
199
164
216
263
163
178
190
266
186
197
268
195
273
264
237
156
255
265
198
236
193
267
190
282
175
216
157
255
177
216
189
173
229
254
234
190
230
274
254
214
171
221
259
294
283
195
247
186
258
295
272
249
262
259
231
287
175
237
190
299
251
228
172
278
280
256
167
210
230
271
274
199
290
232
291
273
225
238
158
183
233
228
282
293
285
213
280
159
248
267
256
198
195
278
176
175
182
291
183
210
209
157
259
199
239
250
269
262
187
277
295
218
153
225
210
287
235
288
244
183
255
200
179
248
276
152
221
158
293
254
218
202
260
275
198
297
225
167
258
210
242
201
277
