493
26 487
180
210
175
274
191
279
272
219
175
248
221
245
204
162
199
220
161
257
195
209
201
217
174
257
277
214
256
254
257
231
291
286
239
263
208
279
190
179
296
215
225
217
258
226
229
254
296
240
211
288
247
210
205
271
265
280
185
220
233
291
151
172
225
187
285
231
166
273
208
162
187
282
177
295
156
256
197
152
293
257
238
240
265
241
158
229
220
193
247
251
282
248
221
155
233
205
235
249
276
293
209
261
223
184
255
229
289
250
178
230
207
266
268
269
154
276
296
172
266
243
273
196
289
194
200
221
197
285
268
172
226
274
283
298
158
186
227
297
285
255
175
290
168
292
207
172
216
203
292
182
244
265
227
232
257
225
251
251
158
219
273
234
193
204
232
200
187
256
295
270
159
169
208
177
259
264
297
175
265
237
154
208
202
179
290
256
254
241
207
262
258
278
294
300
182
173
298
167
279
293
287
288
260
194
262
167
158
207
289
273
293
293
279
293
270
217
249
224
256
156
284
213
284
226
161
263
249
159
280
228
250
214
163
157
258
223
272
214
228
261
285
169
202
263
161
270
180
208
194
285
161
276
198
243
201
157
154
248
264
283
273
214
197
234
169
253
157
238
167
183
199
152
201
198
213
160
168
242
166
159
227
275
233
223
217
232
178
221
179
292
152
250
154
297
184
172
198
289
260
215
172
257
164
171
253
227
181
218
267
294
175
292
269
258
215
284
287
191
204
264
183
154
214
186
248
248
156
296
237
214
158
207
269
172
227
221
197
206
237
163
200
262
155
168
168
167
152
155
208
154
269
240
255
281
224
203
177
178
297
264
242
155
268
211
275
195
230
171
251
167
282
248
227
287
214
244
154
164
249
159
265
165
197
220
244
271
221
270
299
218
182
189
170
300
198
295
293
277
264
191
242
246
289
168
180
203
262
282
165
159
291
280
174
188
298
267
257
219
185
204
234
217
191
202
216
238
295
157
215
258
198
255
152
187
273
182
188
235
261
202
243
252
280
215
237
277
280
292
294
165
293
176
179
184
228
193
272
222
200
285
278
247
239
228
232
212
207
269
244
168
269
285
270
249
200
155
174
277
296
167
240
289
193
269
173
218
162
242
290
211
175
216
256
