489
7 488
273
201
255
217
219
224
202
286
270
200
291
294
177
287
259
266
224
151
183
194
219
194
286
157
203
161
171
159
222
165
295
293
163
249
210
180
271
210
166
241
208
156
182
182
241
291
246
164
240
279
208
257
173
292
212
174
251
233
281
173
195
275
264
208
224
272
238
195
182
253
233
187
207
265
219
298
204
165
260
241
294
266
198
264
258
207
288
156
290
268
277
185
191
240
191
265
212
226
258
191
179
191
228
184
254
297
280
157
260
239
248
202
153
244
166
260
151
251
214
238
167
191
221
208
281
261
173
192
187
229
233
164
269
259
296
223
204
276
178
164
163
276
216
165
167
179
223
168
280
287
256
297
276
274
205
256
235
176
246
220
255
179
182
172
236
178
192
290
252
220
154
212
195
168
227
160
197
248
178
177
183
231
272
159
205
275
213
238
249
159
256
151
286
288
173
222
264
215
160
216
284
164
278
277
279
153
235
176
199
263
300
180
292
220
286
295
194
199
181
241
207
287
242
291
223
212
160
187
277
170
200
209
281
276
284
260
226
219
234
275
279
182
252
219
251
238
213
243
235
192
184
240
178
275
230
199
187
240
235
262
260
233
268
241
209
252
201
285
268
232
207
247
264
159
166
215
195
177
158
280
218
191
219
194
264
299
243
151
187
276
211
297
209
179
185
267
280
184
200
196
266
257
293
229
214
257
242
259
231
197
186
299
238
255
291
300
202
234
249
239
209
160
184
216
188
167
183
266
200
232
162
264
287
253
291
298
210
232
257
291
279
241
238
165
294
229
165
196
260
264
233
267
222
214
183
260
231
163
174
229
245
284
192
180
237
183
178
244
213
232
235
192
173
270
155
166
297
268
160
257
232
190
172
251
254
204
211
283
217
182
211
260
166
201
290
200
234
265
294
296
295
177
286
266
297
238
230
293
206
239
198
235
227
219
186
181
273
195
262
288
227
173
248
190
224
186
240
255
249
234
199
244
261
283
157
205
221
237
198
276
274
194
211
201
263
195
180
184
240
291
172
264
262
218
154
283
253
244
238
300
178
287
243
237
270
250
292
190
285
288
264
258
181
273
257
294
168
286
177
206
277
297
170
187
214
174
170
265
268
