483
36 494
193
156
180
260
204
270
248
188
257
212
296
288
283
253
282
151
187
257
207
262
253
226
298
265
198
168
230
165
223
195
207
266
200
185
226
254
154
272
292
261
184
236
249
167
286
179
266
173
233
270
232
284
294
230
249
192
248
179
155
171
224
211
234
222
246
258
175
198
229
265
159
211
298
206
175
284
182
291
255
265
209
187
249
151
267
198
192
162
227
295
281
249
206
163
170
249
270
293
245
199
258
253
260
256
257
233
188
289
171
292
254
230
277
151
230
191
199
220
151
224
215
282
270
218
294
290
265
212
283
210
209
241
261
267
294
217
199
182
206
220
272
257
300
196
206
178
237
202
248
238
276
260
168
246
178
260
184
241
172
167
151
231
205
261
197
297
178
246
179
182
264
248
237
212
294
240
239
231
292
285
267
216
193
285
161
221
192
293
162
214
257
260
242
260
221
289
257
197
183
234
177
297
182
211
157
176
151
246
205
293
178
270
157
221
202
266
239
244
258
199
158
215
159
250
175
178
187
282
173
168
164
297
263
195
208
269
169
157
163
223
248
191
193
255
209
193
220
246
287
276
295
242
191
251
290
164
227
176
244
249
292
258
194
254
153
252
223
171
207
236
192
155
224
183
208
283
225
278
229
160
254
172
252
243
221
241
257
297
215
299
194
207
256
238
161
207
288
182
176
195
215
166
298
289
198
206
220
221
183
247
231
235
217
280
177
287
221
232
232
286
230
276
193
284
162
151
191
300
183
164
293
196
180
291
185
176
197
203
195
178
300
275
262
216
203
237
151
274
267
233
208
197
209
251
279
169
200
267
169
180
281
162
226
259
153
208
284
298
261
179
175
208
252
235
222
155
172
223
227
289
156
285
283
163
183
210
182
233
177
299
211
256
161
286
214
262
194
296
208
253
175
233
161
224
168
233
177
288
254
253
224
208
186
155
169
219
215
201
249
189
200
160
295
159
244
209
219
288
153
276
188
275
157
199
199
272
229
174
208
281
225
282
188
260
235
207
179
247
205
226
286
203
235
229
159
179
235
228
264
238
152
152
213
158
299
210
280
176
233
188
156
158
267
292
268
300
199
244
247
202
268
181
254
