476
42 463
277
others
282
191
298
202
163
212
240
259
178
198
157
253
166
172
204
182
249
276
158
219
208
184
257
153
295
155
164
159
216
218
237
202
218
178
others
293
175
253
216
162
203
160
171
291
245
253
204
165
227
295
284
231
158
185
238
231
259
154
155
164
250
229
219
222
281
271
198
220
183
278
152
208
196
188
253
299
215
154
217
others
240
162
242
193
187
193
224
195
261
169
279
214
292
222
241
204
190
215
245
256
272
216
197
164
187
267
247
156
295
193
others
261
261
196
230
233
248
195
155
251
190
154
295
271
238
271
209
275
204
173
218
232
203
259
283
196
173
205
158
202
288
others
300
164
295
234
241
228
239
299
240
290
193
175
266
245
296
196
226
245
195
284
others
227
242
198
218
242
others
259
240
196
201
276
249
296
197
175
others
164
275
256
196
252
210
168
212
281
252
285
275
240
156
others
164
213
180
280
164
197
240
172
225
160
207
222
others
151
223
165
225
173
194
174
182
230
284
169
202
230
272
238
209
others
241
166
159
165
238
209
259
188
188
296
others
198
others
246
270
209
249
others
160
258
273
165
others
others
207
others
285
others
159
283
300
234
215
251
191
173
271
193
188
162
171
179
265
257
203
246
282
197
235
220
252
289
176
244
190
152
243
210
245
175
205
247
300
280
239
158
189
211
225
173
156
221
153
202
194
194
295
182
283
276
258
158
229
158
270
others
154
269
others
254
195
154
287
231
191
others
190
243
211
272
178
201
270
187
289
240
236
172
273
291
257
others
168
266
200
206
170
206
277
272
182
247
299
288
267
234
200
221
195
296
268
270
257
277
165
245
257
261
207
175
273
248
251
188
251
188
281
206
229
217
228
186
152
187
291
232
216
234
244
208
254
160
300
218
293
218
245
152
198
254
296
199
261
275
others
296
175
287
169
299
others
279
216
others
215
199
163
267
178
277
222
283
226
219
220
250
278
238
157
204
192
179
246
276
186
251
271
250
others
286
282
173
262
199
221
237
251
266
210
217
240
197
296
206
264
210
225
152
290
254
251
272
255
294
225
157
273
174
299
161
168
207
153
228
156
others
223
203
205
239
