476
108 491
224
215
193
250
209
258
271
229
271
161
229
176
235
241
219
152
276
231
258
220
298
214
241
278
298
282
266
229
276
162
251
232
179
240
291
298
286
153
203
282
others
174
220
280
219
285
254
292
178
264
287
203
172
245
232
172
289
227
246
300
244
282
300
226
252
293
197
257
297
190
227
222
153
171
251
211
253
191
161
227
202
247
162
265
204
284
164
243
152
214
180
246
214
280
201
others
225
247
234
193
165
165
180
242
216
180
176
others
261
210
160
258
173
270
267
193
235
206
212
290
251
170
294
261
246
261
163
289
274
240
167
170
236
263
172
171
219
294
184
214
224
184
243
168
177
255
189
192
247
168
153
189
177
285
184
288
171
240
188
279
164
253
255
223
196
268
227
270
183
263
251
272
266
others
others
265
others
228
161
246
others
255
214
266
276
262
225
244
190
241
238
183
222
273
209
238
178
260
214
235
201
163
176
213
182
268
158
297
209
209
234
164
234
250
246
234
180
168
151
219
others
199
233
165
211
208
266
153
190
296
184
others
222
164
225
250
165
193
292
188
229
243
214
192
192
286
163
184
159
152
177
237
251
186
285
190
216
155
274
280
280
188
228
274
218
269
228
182
284
167
239
others
183
180
228
270
223
others
276
186
197
184
257
199
232
157
266
221
169
254
209
252
277
others
171
192
168
290
240
163
248
238
204
213
208
214
286
196
214
162
289
249
279
229
173
286
210
185
180
283
161
249
161
258
167
256
220
259
242
163
227
184
170
296
161
280
222
167
270
254
239
187
213
155
230
165
265
189
261
229
209
293
184
161
279
186
273
226
265
236
197
247
196
192
268
226
226
256
274
211
179
170
215
233
275
270
218
230
300
218
190
191
160
173
210
237
226
286
151
165
185
194
298
163
290
161
224
243
296
166
245
288
157
260
290
179
206
224
242
others
266
209
258
170
163
153
288
278
265
251
257
174
248
263
231
219
267
230
228
225
233
295
167
262
256
281
238
220
247
174
289
219
221
227
196
284
275
246
200
221
167
212
253
187
210
274
153
253
289
267
175
210
276
188
260
227
206
277
165
254
171
273
217
293
249
188
