480
53 470
181
208
259
179
169
others
280
229
187
275
171
249
196
212
257
288
257
others
257
196
181
199
169
162
231
162
182
223
164
195
289
206
221
206
212
199
202
200
173
224
others
250
295
152
152
175
222
282
175
269
237
178
213
158
284
others
168
252
156
others
195
194
173
208
161
232
240
185
234
187
222
245
208
200
247
267
157
207
284
274
286
289
263
177
263
160
236
222
196
253
285
181
others
218
249
203
195
258
210
249
296
155
207
271
193
240
189
216
255
176
175
236
264
175
225
293
226
198
270
281
others
236
289
191
285
245
288
276
271
275
others
others
161
176
274
190
176
184
225
206
187
266
280
224
190
245
212
201
263
152
228
296
213
164
203
198
221
160
204
250
178
296
196
261
267
194
others
others
168
200
others
205
others
248
194
200
287
208
289
290
276
300
223
186
153
259
229
228
274
246
others
234
186
others
155
228
208
204
219
170
221
253
188
185
252
226
172
274
198
277
183
184
230
222
223
169
266
242
198
211
204
168
192
277
249
292
158
223
158
283
282
270
169
245
286
164
187
259
220
others
189
248
178
181
211
163
212
284
292
244
182
161
185
245
154
169
266
286
182
226
227
279
169
166
290
184
166
286
263
299
187
205
180
244
155
200
206
others
240
183
242
199
others
204
213
185
168
200
229
207
210
211
234
235
210
202
282
207
232
162
261
290
235
274
178
195
others
249
283
188
249
194
288
221
159
208
176
294
284
222
293
198
others
191
others
196
214
others
237
167
155
260
221
239
169
165
226
234
203
198
151
153
230
163
278
210
151
209
221
225
256
298
296
226
206
177
166
168
281
210
158
288
289
178
291
248
186
174
275
231
269
284
182
276
229
168
155
291
300
250
266
231
190
282
250
294
215
196
176
156
207
289
226
200
247
262
192
162
193
194
153
257
263
263
272
243
241
287
159
190
181
213
188
155
166
171
184
237
176
234
267
275
153
270
195
163
207
247
248
273
others
230
167
175
262
others
181
182
174
241
208
191
277
156
286
235
others
210
227
176
239
262
279
199
192
216
192
161
291
290
192
256
285
245
296
297
286
251
298
262
238
236
233
246
160
298
257
261
218
251
