499
255 497
others
295
197
180
278
218
290
249
273
others
239
286
279
177
211
others
272
187
272
151
221
253
182
170
183
278
188
198
298
254
245
276
220
282
274
188
248
204
193
181
298
295
168
299
163
173
242
169
206
250
180
173
227
206
196
293
194
228
226
others
226
295
293
225
263
275
208
219
173
202
258
261
228
259
260
191
others
250
298
164
193
248
287
282
188
274
273
193
268
152
181
160
176
176
180
278
277
others
190
169
others
269
273
206
210
266
198
197
183
196
158
285
197
196
255
263
253
292
290
265
203
others
206
175
206
249
290
295
235
222
151
177
162
278
165
247
271
169
167
162
258
182
291
233
165
162
236
218
156
243
185
186
223
177
294
261
246
298
169
others
282
246
156
159
204
281
240
290
267
201
152
259
251
231
234
199
257
232
others
223
291
294
214
191
195
188
200
243
300
others
210
248
256
176
166
164
297
185
186
190
264
others
others
211
291
251
241
264
274
253
187
193
222
192
198
235
205
222
180
192
159
others
237
193
170
247
210
286
165
233
208
173
178
236
176
222
167
232
271
263
218
243
297
253
257
224
204
225
289
283
185
others
193
201
248
200
269
189
222
278
276
292
194
255
222
296
241
204
266
245
165
178
288
198
255
187
273
156
239
246
297
163
279
268
270
159
156
164
299
250
283
282
159
220
197
207
204
178
235
226
156
235
168
253
207
218
235
242
286
290
223
175
162
258
245
197
263
210
277
193
262
171
259
239
170
226
269
167
200
274
204
193
199
193
162
255
294
268
284
243
279
247
165
others
186
254
269
153
197
291
280
280
267
272
others
255
180
275
263
207
250
285
255
235
281
159
217
280
183
others
264
260
others
234
282
248
197
300
168
200
258
207
295
255
185
208
226
188
298
212
210
211
288
207
243
253
264
272
243
182
265
171
204
201
278
279
266
243
297
208
others
187
others
173
282
182
241
184
others
243
191
271
256
261
260
238
277
178
277
300
300
153
182
282
166
174
290
161
255
244
186
276
201
252
249
234
179
288
168
249
241
287
others
222
165
280
295
208
154
269
158
300
237
194
154
237
161
273
169
others
159
229
271
245
245
176
214
184
262
203
267
158
259
196
222
207
202
280
220
245
236
162
others
196
170
269
285
others
252
