493
127 488
173
189
280
227
254
237
299
167
231
others
191
262
251
165
269
190
286
247
238
267
259
213
285
199
250
291
252
152
204
255
152
262
172
202
181
198
217
196
237
266
151
275
255
201
241
227
197
277
others
225
243
263
227
158
300
200
277
300
198
286
253
277
298
265
177
167
208
175
237
247
255
284
others
261
184
201
258
234
177
196
186
271
291
275
276
211
166
162
276
199
167
245
173
276
273
201
182
299
266
244
294
others
245
243
others
179
others
238
198
256
281
226
179
178
others
282
172
196
233
187
274
249
286
167
296
250
279
185
198
296
282
179
229
218
259
290
267
292
223
281
229
242
204
210
235
291
280
168
191
others
288
others
241
254
278
279
263
259
242
165
others
others
220
others
191
157
218
231
156
218
268
185
163
195
209
229
261
226
225
188
242
294
179
266
206
163
277
151
238
192
151
174
others
188
275
177
270
174
291
229
220
215
185
284
157
268
192
165
190
240
279
179
183
292
239
214
208
252
194
214
156
156
220
others
172
170
276
242
others
228
201
292
271
246
225
260
238
174
182
216
259
198
181
191
172
162
209
174
241
239
228
292
211
272
162
290
169
204
275
176
161
265
237
197
207
292
231
197
248
228
252
177
203
269
274
273
176
152
272
239
178
209
260
296
222
265
239
243
171
others
200
175
171
287
219
217
202
154
230
266
268
273
170
244
271
230
198
194
229
257
152
193
247
262
others
224
255
162
257
211
266
195
245
278
165
218
206
266
204
225
252
153
242
228
219
224
279
243
155
242
253
232
others
208
222
215
178
277
278
266
193
277
204
291
284
275
242
292
201
178
280
193
others
225
225
231
277
184
271
286
257
192
166
202
182
288
271
169
299
166
181
237
201
286
243
225
232
242
197
211
172
240
276
170
249
296
179
235
249
297
239
288
286
164
269
261
169
231
153
217
235
179
others
239
179
280
158
235
243
176
others
247
233
277
226
284
204
222
270
183
195
214
177
294
293
226
203
195
299
168
261
183
159
156
162
225
248
208
235
238
268
238
233
253
298
254
267
222
others
300
163
155
260
281
160
221
180
245
186
292
163
240
278
204
285
161
175
206
others
277
152
others
others
190
293
171
173
286
168
161
237
249
285
