479
256 471
300
236
290
203
182
237
171
171
288
others
221
162
167
292
283
238
272
282
201
163
221
200
266
280
others
159
283
255
others
215
179
187
170
209
202
251
217
163
215
280
177
174
205
257
271
231
220
196
233
206
222
154
204
166
257
202
232
241
152
210
212
others
others
267
266
267
278
223
236
248
234
222
172
199
256
244
196
247
274
285
185
226
171
293
237
195
239
233
228
181
188
247
185
283
others
others
266
202
218
289
232
222
249
178
182
256
281
153
others
272
299
236
236
199
279
256
170
180
228
244
215
278
199
159
162
others
194
276
258
231
161
246
209
248
230
293
286
288
297
174
174
170
284
295
268
277
257
257
297
250
291
170
160
260
253
263
245
291
174
269
257
165
215
229
222
237
others
288
others
229
231
290
272
300
163
235
260
281
267
184
others
199
227
274
232
152
192
235
169
205
249
249
285
others
238
others
232
169
others
245
292
165
285
243
282
231
184
238
208
271
179
263
243
others
169
217
155
241
279
189
176
238
248
228
290
197
153
228
187
258
203
263
152
295
231
288
251
165
298
152
187
254
254
233
275
294
262
183
206
291
159
242
251
255
298
184
201
172
170
244
192
270
240
163
180
230
178
246
175
175
203
154
197
207
176
256
284
267
176
266
230
291
211
282
183
257
163
288
235
269
293
276
249
247
170
279
252
253
251
247
189
265
263
156
297
204
298
215
221
169
271
236
163
234
221
241
183
207
257
240
234
290
272
276
263
230
189
201
152
159
264
281
254
287
others
others
266
259
248
228
276
189
271
163
271
294
219
278
208
227
238
230
others
others
169
285
174
159
160
others
239
164
231
others
153
289
185
294
154
191
249
167
297
164
191
235
others
184
286
249
258
228
203
155
others
177
168
174
265
217
164
234
197
161
223
171
others
219
268
299
216
others
265
197
281
184
160
241
282
188
257
281
others
194
220
287
167
266
201
258
others
223
156
239
161
238
178
167
others
297
others
266
241
298
192
271
195
245
155
234
206
180
188
262
205
233
191
others
228
169
271
184
282
261
others
199
164
295
222
300
262
279
177
180
266
225
287
200
185
151
153
others
226
265
251
222
243
163
249
