500
138 490
248
275
247
288
193
209
281
214
237
others
179
190
249
277
183
228
187
234
192
190
296
171
168
251
243
299
262
300
245
248
162
155
228
281
206
250
164
276
205
280
299
218
others
268
239
235
189
247
224
282
294
279
202
235
227
300
239
283
others
259
265
266
231
217
187
233
others
234
211
231
others
161
246
169
193
292
171
258
269
153
270
284
245
224
184
189
183
179
291
203
175
237
251
194
214
174
230
179
224
174
204
218
211
163
294
281
157
162
256
276
298
151
157
246
177
286
281
266
151
191
241
260
188
252
223
261
273
292
239
256
156
295
others
178
187
285
189
219
262
168
294
249
189
194
276
243
288
216
295
171
261
205
296
174
241
286
217
299
273
181
291
others
256
257
284
179
231
290
154
178
252
226
196
171
216
163
others
232
230
225
264
153
285
167
255
182
156
272
280
266
291
298
266
185
216
254
162
172
197
233
279
254
267
232
166
240
others
264
264
280
207
157
289
others
others
285
157
174
263
168
251
233
293
211
293
182
223
163
212
293
270
164
165
198
189
204
271
261
228
266
161
166
233
192
152
217
261
195
others
299
158
291
183
191
222
227
201
213
167
others
237
290
171
271
225
185
218
258
225
others
201
others
225
281
188
others
247
269
278
250
255
182
259
222
237
278
213
187
187
177
272
296
230
284
251
others
265
275
179
205
173
201
182
others
152
240
229
290
299
165
253
201
others
186
others
154
221
225
189
217
240
262
others
224
271
185
209
238
210
210
163
219
216
others
285
191
201
191
300
177
249
194
246
277
152
281
198
294
240
263
others
299
254
211
299
173
196
255
244
193
165
253
171
221
218
283
286
255
166
240
299
262
276
232
others
211
247
220
156
274
221
158
187
192
227
166
191
166
241
283
171
293
253
281
249
281
160
174
200
others
242
248
237
196
160
others
268
246
213
225
280
227
240
181
212
161
287
183
others
297
205
256
258
237
227
228
164
others
152
191
197
263
258
153
172
204
154
295
160
231
others
190
others
256
251
222
198
227
180
180
276
174
191
288
296
183
273
189
199
192
292
245
246
242
200
223
others
202
161
291
155
193
292
258
175
289
159
154
204
277
165
274
191
160
164
208
others
244
229
253
247
219
221
159
214
274
283
247
221
225
