479
70 451
224
294
157
187
241
278
297
154
160
292
220
284
258
266
291
289
others
298
173
237
208
206
259
223
244
156
others
205
225
194
264
227
212
261
259
243
158
170
254
281
202
159
172
154
280
260
276
176
261
266
230
282
253
199
290
300
212
189
171
279
286
290
223
196
199
247
168
263
179
others
289
158
180
233
187
247
195
233
299
295
237
274
171
173
196
166
267
235
167
244
274
272
226
281
281
220
166
270
177
282
187
256
217
249
254
183
181
293
158
279
197
154
237
197
163
284
274
152
176
170
189
others
156
223
265
250
297
269
273
243
292
231
264
203
229
166
276
234
162
others
254
184
290
230
266
293
197
270
254
197
193
294
279
196
279
216
228
229
200
225
others
others
240
233
162
219
290
172
238
208
253
247
269
293
230
282
182
280
193
others
238
208
192
243
193
242
170
273
261
203
282
294
185
234
180
178
274
241
211
191
230
196
218
284
233
167
169
177
180
229
203
223
291
238
294
252
158
others
213
254
others
159
177
260
193
163
244
265
196
233
227
212
229
160
230
236
281
271
177
261
165
159
156
291
274
190
155
234
others
174
156
221
153
190
266
295
169
286
225
273
298
198
161
184
173
242
167
211
250
297
244
243
243
184
153
217
268
198
293
215
185
240
268
168
297
232
254
152
201
163
291
198
241
185
223
197
205
257
236
286
185
219
288
232
152
237
273
199
276
298
others
202
280
others
179
193
205
249
228
278
172
267
others
209
295
216
297
209
225
290
151
214
242
294
240
295
232
205
173
193
others
191
175
others
160
197
258
262
221
213
274
168
267
179
232
204
279
257
240
247
268
208
255
171
172
180
239
299
219
190
197
247
287
277
246
274
166
237
248
290
237
214
166
278
others
183
210
207
others
169
153
238
273
236
230
237
193
290
258
241
181
223
others
280
208
205
239
177
266
178
234
159
213
232
260
160
243
224
257
220
151
272
164
249
157
220
242
264
others
169
165
217
156
297
293
226
237
233
294
others
257
287
223
249
243
175
others
262
181
258
176
266
180
259
others
271
280
230
254
197
192
201
210
228
220
213
266
254
273
266
297
183
241
180
239
287
194
161
246
