499
1 488
213
148
236
293
153
165
94
171
170
120
184
192
132
37
140
109
180
249
84
9
139
110
16
137
198
177
242
283
49
230
112
13
129
99
6
282
263
99
204
133
218
87
76
102
123
216
262
55
216
45
63
106
207
78
243
104
7
236
86
55
166
249
119
294
48
124
27
62
223
230
194
192
17
22
45
191
289
7
245
204
103
7
61
9
137
3
164
143
239
1
249
104
2
67
149
49
191
176
162
165
105
56
108
121
129
153
64
117
159
8
72
13
67
132
74
255
135
237
149
125
290
97
280
291
215
128
91
157
55
252
21
160
59
181
32
187
33
95
55
243
155
178
7
221
10
80
227
196
69
75
20
58
223
299
48
137
178
138
46
233
89
66
144
148
298
175
86
30
22
141
24
176
18
31
148
79
110
74
274
178
200
45
235
122
95
34
10
273
171
55
257
12
173
100
159
170
26
296
252
47
136
275
274
206
5
173
284
167
298
10
44
197
54
31
18
201
64
80
225
287
134
181
298
6
32
208
176
57
203
127
156
39
153
181
296
158
54
279
76
51
288
119
300
94
201
69
46
17
148
270
3
282
202
300
39
233
207
266
41
109
144
196
199
297
77
194
206
182
225
281
232
264
151
231
57
52
300
102
68
147
123
122
180
24
121
219
256
79
184
49
239
80
244
190
76
72
135
281
253
59
261
237
23
163
167
131
214
218
285
33
117
107
154
48
131
274
266
138
104
202
186
43
281
182
284
108
253
118
140
258
177
152
194
251
14
112
81
228
82
117
260
250
224
166
297
106
191
15
295
295
268
233
89
300
114
72
107
118
241
246
127
117
97
72
119
110
184
252
89
17
68
101
266
43
266
262
200
156
28
195
202
295
127
42
294
292
165
100
161
106
97
288
274
193
59
93
55
294
44
195
62
163
295
27
206
12
41
157
168
68
103
121
115
281
163
108
272
27
260
133
184
56
172
158
1
230
250
107
276
45
1
37
207
296
64
164
7
156
21
226
275
123
99
89
104
261
249
127
39
208
11
223
263
182
80
15
164
81
121
139
125
122
227
83
117
42
299
175
197
19
101
224
193
199
64
48
211
12
227
1
219
289
275
234
171
106
248
86
186
69
276
62
190
202
197
58
296
195
284
