498
150 1
192
265
84
167
209
34
231
257
296
242
235
49
213
223
23
146
145
129
93
230
66
161
257
180
102
211
76
211
206
270
195
149
234
30
16
142
64
298
150
111
239
136
159
151
59
234
48
203
114
141
185
231
53
193
110
155
103
185
65
8
206
259
157
191
289
224
33
104
221
234
266
211
70
177
114
128
162
161
82
275
1
18
205
106
211
67
260
65
3
76
73
209
87
281
99
127
256
183
282
228
117
247
138
186
123
3
65
36
164
198
10
216
216
267
21
178
33
32
242
35
160
66
295
246
98
94
72
53
28
53
280
144
51
170
81
226
172
197
261
87
95
23
3
62
289
75
291
73
159
232
159
18
50
154
15
147
299
86
252
26
190
283
170
292
204
2
217
128
199
230
214
45
252
268
158
240
95
148
64
253
131
222
270
180
75
284
79
73
121
82
151
62
116
72
53
20
73
22
147
23
251
60
67
254
80
224
245
174
71
8
126
202
229
147
133
56
182
263
180
2
44
30
115
160
101
219
231
174
240
77
196
242
188
15
195
267
238
139
192
61
198
17
14
127
215
198
234
96
161
113
149
256
143
263
115
295
182
97
220
173
173
168
167
113
182
61
79
171
252
23
283
149
39
296
27
254
194
260
101
106
73
250
61
267
264
228
261
197
24
233
70
249
100
236
61
281
48
191
203
299
213
186
200
4
233
226
9
126
186
109
283
258
110
44
276
74
271
288
22
46
220
143
294
19
130
54
51
178
297
254
228
209
191
127
264
123
105
272
1
290
133
283
299
242
26
274
67
48
261
89
94
233
283
139
251
113
245
2
42
241
7
21
201
197
200
165
19
4
136
19
293
268
54
43
262
79
68
28
179
28
168
24
260
151
162
263
15
106
264
56
98
22
128
299
218
27
163
288
30
50
59
74
70
112
168
31
242
235
110
172
263
278
195
274
180
109
288
194
214
251
1
12
24
128
62
293
207
276
281
288
25
91
62
94
202
229
176
195
216
286
67
178
15
261
203
246
121
191
191
35
193
243
98
269
70
211
261
28
186
241
16
210
31
129
56
284
109
283
179
24
268
297
253
34
9
208
279
130
98
169
216
42
111
13
10
233
275
271
12
160
263
27
69
46
155
176
81
16
