45
0 9200 9941 9337 9467 9729 9084 9832 9184 9146
6 9717 9560 9183 9550 9107 9183 9726 9995 9185
7 9641 9195 x x 9971 9430 9594 9483 9771
1 9166 9244 9072 9975 9572 9650 9331 9048 9165
8 9841 9601 9809 x 9292 9551 9828 9484 9287
2 9911 9018 x 9425 9978 9227 9194 9281 9221
8 9065 9636 9532 9814 9058 9834 x 9745 9999
5 9425 9905 9662 9742 9626 9503 9323 x 9608
6 9182 9888 9850 9506 x 9128 9041 9553 x
0 9434 9140 9229 9867 9740 x 9997 9153 9604
9 9103 9927 9178 9712 9408 x 9666 9426 9452
9 9869 9501 9040 9256 9467 9230 9505 9867 9917
5 x 9562 9544 9158 x 9427 9067 9180 9077
2 x 9343 9859 9271 x 9605 9312 x 9395
9 9887 9641 9500 9473 9986 9287 9774 9776 9719
1 9795 9987 9344 9338 x 9734 x 9621 9422
2 x 9141 9327 9802 9262 9114 9545 9750 9671
1 9663 x 9828 9441 9032 9349 9379 9797 9568
6 9371 9919 x 9996 9158 9381 9134 9141 9105
9 9195 9624 9059 9287 9173 x x 9115 9058
6 9283 9939 9428 9568 9719 x 9473 9790 9038
4 9746 9513 9965 9190 9735 9619 9087 9099 9994
4 x 9035 9569 9486 9377 9233 9734 9233 9488
2 9327 9251 9676 9602 9418 9223 9922 x 9934
8 x 9846 9225 9628 9356 9504 9357 9820 9273
1 9592 9320 9217 x 9787 9475 9574 x 9068
6 9796 9274 9609 x 9615 9467 9722 x x
6 9737 9961 9819 9204 x 9778 9856 9051 9292
8 9094 9874 x 9323 9054 9661 9306 9210 9015
9 9060 9636 9771 9334 9563 9560 9952 9124 9044
8 9902 9141 9677 9618 9673 9028 9342 9354 9441
2 9709 9956 9146 9221 9032 x x 9817 9269
2 9365 9192 9226 9053 9890 9333 9924 9041 9741
2 9299 9422 9392 9107 9119 9536 9038 9264 9355
6 9220 9485 9356 9691 9765 9301 9381 9987 9820
9 9679 9141 9321 9344 9907 9368 9921 9821 9397
8 9091 9546 9210 9821 9289 x 9406 9224 9185
4 9178 9284 9148 9096 9738 9587 9685 9263 9368
8 9189 9097 9943 9450 9700 9362 9111 x 9638
0 9735 9666 9365 9643 9196 9708 9684 9934 9027
3 9125 9283 9353 9521 9669 9732 x 9510 9502
3 x 9216 9317 9009 9472 9432 9119 9274 9299
7 9958 9905 9311 9874 9797 9007 9634 9187 9767
8 9769 9279 9030 9218 x 9166 9271 9437 9049
2 9572 x 9009 9880 9359 9970 9829 9544 9585
