20
8 97 4 83 38 35 x 60 75 37
9 x 70 73 89 x 22 15 35 x
4 55 65 92 57 55 37 38 57 x
6 26 59 6 49 58 25 17 16 70
5 x 67 28 78 80 18 4 x 62
9 43 32 x 55 65 58 2 18 29
2 x 24 7 34 58 x 20 55 62
7 12 1 x 56 75 36 46 53 4
2 60 9 76 36 5 33 52 31 18
3 36 23 74 54 39 91 16 26 68
9 36 58 67 10 59 95 61 84 42
2 65 40 6 48 81 2 49 x 16
2 23 65 32 8 11 40 21 47 61
3 7 x 20 33 53 x 94 5 1
0 27 60 95 93 5 73 87 67 68
9 2 88 34 69 11 86 94 31 38
5 53 x 24 40 60 71 36 94 3
5 69 16 48 31 15 29 75 73 4
0 7 68 67 47 27 87 17 44 97
0 88 36 82 97 39 20 5 x 81
