20
7 60 35 54 76 41 27 19 71 14
1 67 63 63 64 x x 49 62 x
3 20 94 31 22 70 83 82 x 48
0 1 33 x x 67 48 22 46 65
0 93 58 59 90 7 89 x 89 77
7 85 82 19 x 93 5 92 49 93
8 18 87 71 78 64 70 48 53 96
3 57 93 17 97 65 18 7 86 29
8 21 38 6 43 16 26 x 86 53
7 48 92 82 41 78 68 77 62 79
1 x 22 57 65 32 x 35 50 30
4 20 22 91 34 77 79 x 77 78
4 x 54 56 82 2 88 15 48 87
4 75 93 70 5 50 8 10 91 86
0 73 3 78 27 49 67 89 69 15
6 x x 20 27 77 15 68 34 85
0 98 20 33 23 29 56 31 82 17
5 43 59 68 41 42 94 25 55 43
5 60 82 8 16 29 18 70 30 89
3 89 92 34 93 85 25 94 57 96
