20
8 81 11 62 67 36 25 64 3 66
4 76 92 94 63 x 47 47 63 56
6 21 25 41 81 x 95 80 69 16
8 22 75 90 68 50 70 12 88 8
7 86 54 54 7 6 6 41 43 38
6 54 49 51 14 90 66 5 86 78
2 1 10 90 52 6 62 x 41 67
3 79 26 93 1 43 95 74 79 98
8 48 32 60 78 x 44 74 16 18
5 18 96 21 75 32 11 x 58 15
9 76 54 15 90 56 x 63 70 37
6 92 21 3 21 86 99 x 75 22
0 62 93 64 79 14 42 73 x 93
5 22 11 86 82 80 77 86 44 54
3 33 34 x 15 80 65 66 2 x
5 83 41 98 28 54 64 77 36 19
9 31 13 68 38 44 42 93 68 x
2 82 34 56 28 74 57 45 x x
4 75 91 41 65 94 x 46 13 81
8 37 5 55 32 61 68 73 x 64
