19
9 36 81 48 14 10 7 7 28 30
3 15 17 24 35 91 56 29 53 6
5 9 x 13 16 73 92 13 89 67
7 99 81 7 x 61 78 71 73 57
5 72 65 34 86 21 5 3 81 96
0 18 42 11 42 58 x x 68 14
6 45 79 x 82 40 73 80 57 3
2 14 31 64 57 94 x 36 69 84
1 66 37 99 30 12 58 14 13 62
7 17 x 82 95 80 x 12 34 87
7 41 89 37 58 13 90 45 88 18
2 11 19 x 28 57 1 96 51 91
7 47 43 22 58 1 x 69 5 42
7 69 98 x 37 22 12 71 57 82
3 94 2 15 62 97 79 x 48 22
4 58 45 14 11 x 14 78 29 35
0 28 56 66 86 81 10 54 x 96
4 49 27 26 35 86 94 56 90 45
7 29 25 50 12 41 18 55 x 10
