18
7 16 78 88 30 44 31 x 71 57
6 68 31 45 26 76 29 75 x 53
9 84 17 50 14 14 6 14 60 x
6 83 79 2 30 x 82 98 x 76
8 26 51 95 77 84 84 89 x 58
4 x 70 36 74 18 74 29 17 60
9 31 26 11 x 1 46 61 16 1
0 74 63 84 x 93 99 56 82 25
7 33 25 76 85 94 84 60 52 20
0 11 42 x 95 58 31 38 85 86
4 71 34 29 x x 26 x 58 13
2 20 75 16 54 23 54 2 23 57
1 85 98 54 68 98 93 97 52 67
2 x 59 87 90 60 57 15 44 7
4 72 71 99 47 97 19 41 90 39
0 37 x 91 91 x 3 40 8 41
7 88 96 66 18 64 34 36 37 30
8 19 65 93 89 48 56 17 84 20
