48
6 9903 9920 9969 9924 9992 9964 9995 9989 9914
4 9970 9986 9901 9969 9941 9917 9914 9917 9912
2 9930 9946 9940 9932 9948 9957 9990 9962 9944
3 9925 9947 9906 9995 9972 9947 9908 9916 9936
8 9940 9907 9906 9941 9925 9948 9959 9988 9966
9 9903 9997 9967 9944 9977 9963 9902 9968 9926
4 9903 9900 9943 9958 9943 9963 9905 9952 9980
7 9923 9920 9998 9930 9910 9924 9978 9918 9913
6 9939 9917 9938 9907 9910 9916 9919 9961 9933
4 9956 9937 9994 9948 9943 9938 9960 9949 9990
1 9940 9962 9909 9939 9941 9968 9912 9968 9987
5 9961 9927 9991 9900 9983 9950 9917 9902 9911
0 9996 9916 9985 9991 9965 9929 9929 9925 9979
1 9962 9920 9931 9972 9908 9973 9989 9921 9941
2 9995 9951 9953 9935 9952 9985 9986 9918 9936
3 9966 9981 9911 9952 9920 9976 9981 9950 9950
0 9967 9961 9977 9947 9934 9986 9969 9972 9955
0 9998 9951 9911 9952 9935 9912 9986 9970 9979
9 9916 9946 9952 9976 9998 9973 9901 9928 9972
9 9986 9940 9962 9964 9936 9945 9998 9905 9918
5 9965 9917 9954 9924 9918 9990 9937 9904 9909
3 9975 9974 9911 9976 9950 9958 9949 9952 9987
7 9952 9921 9910 9915 9934 9947 9960 9933 9953
2 9936 9966 9944 9939 9991 9963 9978 9977 9916
2 9994 9940 9962 9953 9916 9913 9912 9966 9913
2 9937 9966 9969 9948 9930 9904 9943 9939 9985
4 9966 9970 9960 9959 9909 9952 9971 9988 9929
2 9924 9972 9976 9986 9926 9993 9948 9938 9908
7 9934 9945 9977 9904 9942 9955 9909 9934 9995
6 9979 9910 9913 9940 9918 9923 9940 9989 9960
1 9925 9984 9939 9902 9971 9913 9943 9968 9900
7 9930 9935 9946 9956 9940 9936 9912 9998 9971
4 9941 9999 9914 9955 9987 9932 9979 9928 9970
9 9995 9944 9973 9935 9995 9993 9949 9939 9961
9 9939 9940 9986 9934 9997 9927 9919 9957 9973
9 9913 9915 9938 9976 9971 9926 9909 9999 9903
1 9940 9999 9973 9913 9982 9968 9955 9932 9956
2 9930 9944 9958 9965 9926 9903 9940 9946 9961
5 9937 9975 9930 9923 9952 9902 9950 9909 9902
8 9986 9991 9949 9959 9953 9932 9976 9908 9912
6 9926 9943 9925 9932 9909 9952 9936 9950 9999
1 9965 9984 9922 9944 9908 9923 9947 9907 9981
1 9909 9967 9937 9958 9927 9991 9939 9952 9948
7 9934 9922 9944 9960 9955 9953 9961 9992 9952
9 9939 9965 9945 9910 9910 9902 9934 9905 9910
6 9952 9967 9931 9990 9926 9907 9929 9966 9960
1 9966 9943 9901 9911 9903 9905 9913 9965 9946
4 9974 9934 9979 9968 9945 9938 9971 9927 9992
