50
8 4943 383 4560 6157 3932 1981 2840 706 597
0 8283 8709 3111 9534 2484 9767 5595 3318 6008
6 576 9327 160 7041 2346 7587 3950 6558 6141
7 1221 2666 1779 5780 8823 7292 7760 1663 7998
3 5240 6281 8648 8351 7397 2714 9700 2993 7613
7 8361 8189 6617 8521 5230 546 7690 762 7103
1 3741 9906 8079 5519 5686 6902 2812 5029 147
5 4967 5387 8672 5197 5320 6070 7911 5020 9062
3 2310 7423 5295 510 7526 525 1055 5216 2869
4 630 6609 9645 8708 3710 5332 7192 8103 1943
3 495 6909 4307 9167 3689 9626 6819 3182 6228
8 288 121 4886 5583 630 3995 7689 1684 9210
8 1423 1422 7166 2651 1712 877 7982 8903 8979
5 6242 9474 9997 549 224 3686 1758 7042 6867
1 4505 7155 8105 973 4320 317 4967 2009 2000
9 2567 5005 7181 9732 7655 476 2191 7219 9378
1 8725 7202 2227 8722 9333 2450 3991 1091 9491
6 658 5578 1177 346 6550 5496 662 1518 7505
7 7277 72 9248 6040 1386 6903 6515 3577 5704
6 6329 4429 4678 138 4733 4011 4169 306 6683
8 2746 7341 820 3922 9268 7369 9418 9929 8886
7 4173 7745 8576 5003 5368 1544 3488 3465 6702
4 941 4613 5202 7201 4750 1518 1212 8918 1823
1 4160 4568 8400 4979 73 7668 2349 1073 9179
3 9577 4935 563 9735 9937 5930 2861 3426 977
8 2617 1918 4176 9401 9118 8926 919 1912 9426
9 1389 3587 8891 1371 8565 546 9038 2496 1618
9 5313 2777 4735 7457 2512 4672 4969 6954 8097
2 6517 2297 7862 694 1698 8562 1202 2616 475
7 6938 3445 5796 5829 4816 5944 6374 3854 8439
3 3654 5334 2350 8388 2791 6443 4643 7759 3398
6 3705 9914 6618 3149 2190 8315 1712 4973 2513
9 7183 9451 7212 2979 6862 2028 505 3237 5882
3 2810 1118 4278 5160 1089 8651 3185 5731 7992
5 53 1697 8079 8253 6428 1851 6568 9721 6824
3 3489 5589 1697 701 150 8558 2729 655 1795
7 1181 6187 1310 5458 2929 3980 5691 6113 1293
8 4278 1346 6962 2357 9598 3390 5789 7748 3111
8 9993 6599 9783 1690 7300 9933 249 29 2170
8 221 3350 9811 3112 390 4322 8674 6081 436
0 9764 4713 1312 6726 8651 2492 1699 4440 1823
0 8635 1816 4573 1 3506 1873 9933 5336 3483
2 8960 5285 7034 355 9978 7424 4676 8652 5087
3 8619 4851 1406 1513 3159 57 4005 6439 6079
9 2831 6296 9224 7403 6296 4312 858 7812 9647
5 1497 191 2789 8531 545 4349 7537 5220 3002
9 1914 3203 9056 3319 4715 3797 4958 302 237
0 7710 4649 8914 8517 3634 5210 2829 6073 3022
7 1995 4519 4249 6365 4632 4793 714 2169 13
1 6374 3508 8499 5430 6827 4797 9226 3367 6680
