47
5 5973 5693 4899 4490 909 109 8900 6981 4713
3 558 9231 8789 6922 5445 3582 9218 7613 5177
5 3987 8684 3015 999 7093 9393 1807 2042 6073
3 8026 2046 1709 4507 8117 2618 6198 7018 9598
7 1559 1739 1724 349 8660 7168 5512 7878 6363
3 2394 1932 956 6990 2930 9630 6383 6318 1673
6 752 9698 6084 2461 5788 5783 5078 1986 2801
9 4478 5942 7996 6201 6290 8239 4951 1802 6117
9 4073 93 3245 5028 8664 7756 4658 6629 4074
2 668 4826 7611 8333 8868 4981 4116 3946 6966
6 1786 3026 4441 1365 9226 2313 9603 5759 4114
6 7072 8186 8977 1899 4796 7641 9654 9454 5853
2 7366 6520 136 6559 6435 586 1540 2133 6113
9 2214 7899 4695 8236 9263 3921 549 449 1262
8 7750 8333 4431 6727 232 9227 5951 1468 264
0 6778 9211 9905 8495 7353 7922 9081 8892 55
9 563 2269 4675 5257 505 5520 761 2636 5968
3 7298 3719 1938 3311 2028 3751 2538 9560 5219
6 1364 1997 3595 2851 492 948 773 9572 1422
2 6349 3566 6260 1024 406 8346 8126 2748 982
4 6351 9861 9394 8288 3173 3005 2040 7292 2565
4 1676 5511 837 6852 8361 1328 9381 9134 2483
7 1544 414 5951 7803 3019 7938 6149 1145 686
0 5239 7036 6992 6215 6907 1747 9219 529 9039
7 7786 2297 7295 205 731 7238 1532 1694 6372
6 4078 9497 6009 1611 8882 611 9548 5032 1755
9 3745 8575 435 2319 4791 7341 5648 5592 7869
4 8958 7237 8565 7835 9023 878 5074 555 2571
3 7733 6648 2526 5324 9841 1408 5934 9389 8021
8 2788 3348 9428 3222 7249 5801 2145 2897 1394
6 9165 1934 415 9312 9769 9437 190 4843 1574
2 7870 9306 990 1978 6213 831 4968 3729 1803
1 4582 6172 7919 4011 9393 5168 9811 3120 9646
8 4715 8811 4721 6711 8123 4490 6148 9894 915
6 4236 367 8610 6807 2345 4823 7638 8894 134
8 3465 4716 8776 2966 8726 8169 9715 8537 2871
6 2907 9167 8172 7627 5878 7877 2117 2026 7771
4 9746 3589 4979 9938 397 8905 6343 9616 7799
8 2221 2847 1193 997 5812 1501 748 5528 1620
3 6471 4526 2785 4644 2153 8662 4103 5851 2270
0 464 3598 7045 5443 3537 7441 4348 9879 7057
2 7938 9277 6576 713 274 3970 2213 1021 9497
8 6220 5969 8358 9004 2195 2094 9248 6297 7944
3 1336 8408 6698 8381 3851 1817 5822 9780 1696
9 3510 1217 5321 86 1929 7177 4056 4142 9779
4 9556 6000 2686 7914 6586 4880 8 7417 2760
2 517 4095 7942 7214 4058 1793 9030 1463 1573
