46
2 9875 9394 9920 9386 9496 9891 9639 9600 9396
7 9256 9097 9266 9482 9496 9578 9915 9013 9116
8 9264 9040 9862 9891 9478 9545 9601 9525 9779
8 9613 9655 9224 9182 9042 9721 9073 9329 9321
1 9820 9578 9216 9087 9709 9361 9314 9624 9022
0 9626 9287 9119 9488 9827 9246 9682 9077 9772
9 9907 9034 9414 9132 9217 9104 9853 9939 9434
6 9058 9903 9050 9275 9991 9759 9636 9953 9032
0 9033 9307 9595 9153 9444 9423 9048 9774 9500
0 9885 9408 9504 9299 9540 9721 9052 9042 9309
4 9866 9367 9039 9565 9291 9679 9325 9576 9633
3 9236 9666 9313 9480 9468 9406 9903 9164 9181
5 9634 9066 9813 9138 9014 9002 9508 9715 9045
1 9851 9560 9834 9891 9125 9125 9571 9451 9702
7 9105 9586 9167 9419 9067 9284 9474 9971 9449
4 9376 9731 9370 9837 9518 9385 9840 9027 9101
6 9494 9601 9094 9328 9493 9220 9454 9713 9319
2 9214 9425 9744 9382 9493 9811 9666 9968 9783
5 9272 9807 9496 9643 9293 9015 9677 9782 9691
0 9316 9185 9029 9410 9162 9523 9279 9617 9884
2 9423 9099 9321 9167 9129 9815 9627 9444 9431
0 9857 9352 9515 9353 9995 9809 9017 9673 9591
1 9100 9556 9542 9130 9967 9353 9301 9894 9971
3 9142 9043 9934 9463 9211 9064 9927 9487 9157
2 9546 9014 9359 9710 9016 9355 9519 9034 9029
0 9391 9130 9316 9582 9260 9931 9936 9562 9826
3 9397 9969 9599 9332 9081 9459 9044 9008 9946
7 9016 9141 9865 9024 9852 9882 9380 9020 9916
2 9780 9956 9836 9096 9186 9745 9676 9123 9956
6 9679 9354 9121 9927 9334 9850 9387 9027 9859
7 9878 9524 9124 9743 9196 9624 9274 9577 9645
0 9283 9425 9795 9119 9170 9982 9513 9847 9754
0 9999 9082 9472 9769 9010 9807 9620 9045 9483
1 9028 9361 9652 9152 9753 9497 9425 9028 9075
8 9867 9006 9145 9311 9774 9964 9942 9288 9460
2 9758 9108 9427 9230 9877 9438 9686 9498 9484
2 9626 9160 9179 9927 9961 9581 9425 9387 9258
0 9459 9774 9804 9252 9734 9579 9217 9677 9867
4 9022 9626 9434 9450 9505 9312 9537 9191 9458
0 9009 9733 9830 9837 9309 9792 9067 9383 9828
3 9533 9936 9748 9985 9189 9483 9565 9054 9808
6 9380 9479 9059 9463 9578 9213 9775 9116 9405
7 9434 9063 9616 9913 9549 9926 9354 9617 9310
6 9591 9492 9119 9988 9478 9309 9472 9691 9012
0 9125 9041 9409 9833 9504 9988 9046 9280 9752
9 9811 9187 9163 9428 9100 9361 9003 9455 9978
