45
1 7143 9769 9090 822 1371 9314 660 2682 4916
2 6252 3791 5444 4803 6484 6223 1492 9706 1760
3 6360 7419 5748 5201 9702 209 2599 2093 5947
3 1514 3090 3364 2186 3911 6316 1500 4570 8997
9 593 5249 1789 7619 1634 8272 3842 4707 9561
3 4011 7503 4602 9758 2705 4305 1549 5303 7979
9 480 1075 585 3843 3260 6077 1741 6341 2230
9 4339 4404 7568 7709 2023 785 7563 7446 5491
6 4629 9501 6210 9231 843 8914 5118 2391 5799
5 1469 7860 7335 3635 1703 595 1295 5025 6935
0 5762 2856 7927 3331 565 1533 5697 8128 8978
0 6834 3608 2272 3044 4421 4696 3540 1121 8668
7 5799 137 8781 3134 5354 2067 5310 6648 7091
3 1754 4436 6683 9680 9348 8829 1213 5045 6957
6 7814 3792 5381 1668 8417 1384 6363 1958 2504
5 4461 9884 6750 3242 4600 3686 6890 9909 1916
7 5318 3669 9999 2001 3350 9347 831 6144 4392
5 7917 2206 4743 4880 5456 3161 6263 1819 6700
6 8432 2743 233 6765 7566 4832 451 4457 6323
2 21 1642 7617 20 5224 967 9366 7636 8693
5 7006 6610 9127 3331 1491 4583 8073 9335 6402
1 9684 6416 9097 1499 4763 6664 7913 5214 1121
8 9162 2723 7459 8361 4324 4266 911 3690 1902
6 612 490 6213 9738 3821 9285 5904 1894 204
0 8249 1470 304 7346 4550 5067 4010 2463 1863
2 8281 2607 1017 7322 968 5340 1588 1878 612
3 3063 1223 5561 859 2544 9381 1726 8447 2858
5 2335 1107 3398 4220 35 7948 9286 5627 1993
0 3921 1856 5337 4938 9178 7887 278 766 1347
9 5837 4410 3694 1399 5268 6237 2362 6993 4684
5 505 8600 7907 5484 2821 9524 3432 3689 5151
9 6420 654 8862 3339 5591 9622 1226 7451 1971
4 9922 7807 147 3616 788 5414 9853 4732 3989
1 1533 6075 6302 9440 1560 9122 547 6573 2811
1 3580 813 7932 4025 4152 5106 3647 6959 2557
1 1114 2479 5007 1260 6094 7376 8255 7529 2108
1 5231 5223 9901 1533 6245 1461 655 6791 8034
8 4070 3196 5860 2002 7220 12 8689 2450 6970
5 9648 9666 3724 4655 2508 1401 3614 764 512
6 4590 5742 2526 6073 7274 8770 7534 9510 5561
4 6140 1213 346 2000 4797 9148 3593 3486 1598
4 4732 1246 1811 38 7483 4319 1438 1097 6664
1 8399 2836 9273 926 8908 8130 1278 6442 9222
8 5174 5362 9633 5520 7361 4430 4668 954 7916
8 3099 4230 9092 6491 4267 6575 810 7287 7671
