47
7 9901 9970 9945 9959 9918 9968 9931 9985 9961
6 9937 9905 9917 9985 9991 9937 9905 9980 9949
4 9996 9942 9996 9909 9954 9928 9922 9976 9949
9 9977 9999 9971 9923 9907 9938 9939 9938 9923
0 9952 9909 9955 9918 9995 9995 9955 9901 9975
6 9915 9920 9943 9912 9930 9998 9941 9952 9975
1 9953 9953 9986 9973 9925 9993 9911 9965 9980
4 9963 9981 9993 9966 9999 9989 9962 9903 9939
1 9957 9955 9958 9901 9968 9989 9948 9957 9942
5 9996 9944 9926 9983 9917 9951 9925 9929 9917
3 9913 9928 9987 9907 9995 9987 9945 9958 9939
4 9944 9945 9941 9903 9946 9910 9941 9943 9968
6 9967 9913 9976 9994 9996 9994 9946 9922 9972
8 9976 9934 9988 9964 9942 9984 9900 9988 9991
9 9922 9936 9986 9964 9988 9981 9974 9929 9924
8 9961 9940 9904 9938 9983 9949 9980 9977 9920
6 9937 9997 9987 9926 9910 9978 9959 9911 9914
8 9900 9937 9935 9934 9901 9924 9964 9924 9954
2 9964 9916 9926 9917 9902 9909 9967 9983 9987
4 9985 9925 9981 9973 9900 9991 9999 9960 9951
5 9912 9999 9900 9948 9934 9902 9920 9947 9975
4 9984 9939 9939 9911 9957 9942 9969 9972 9926
2 9956 9912 9931 9938 9933 9932 9978 9933 9941
0 9996 9953 9977 9997 9950 9960 9947 9971 9908
8 9994 9941 9911 9934 9952 9916 9925 9970 9937
9 9927 9994 9961 9907 9933 9995 9987 9959 9977
0 9937 9922 9931 9915 9919 9981 9976 9915 9901
6 9987 9944 9974 9946 9927 9975 9963 9953 9946
8 9954 9922 9944 9915 9929 9926 9959 9917 9986
3 9995 9924 9959 9926 9940 9927 9956 9965 9991
1 9998 9978 9950 9921 9973 9978 9997 9985 9979
5 9935 9934 9914 9980 9998 9992 9907 9905 9910
6 9990 9954 9966 9950 9981 9954 9925 9938 9920
4 9944 9967 9992 9995 9989 9966 9922 9987 9952
7 9979 9988 9984 9994 9917 9931 9987 9924 9937
3 9966 9928 9949 9933 9926 9930 9936 9900 9969
3 9966 9962 9972 9958 9958 9961 9925 9980 9997
4 9931 9925 9962 9916 9968 9979 9947 9904 9904
4 9999 9919 9913 9948 9901 9988 9979 9937 9989
2 9942 9956 9959 9915 9915 9966 9925 9988 9947
7 9914 9926 9996 9977 9943 9964 9957 9939 9969
9 9924 9968 9978 9986 9965 9979 9975 9945 9917
6 9991 9960 9970 9951 9924 9933 9917 9949 9922
6 9972 9985 9940 9969 9963 9931 9982 9968 9971
8 9927 9944 9968 9905 9931 9934 9933 9955 9928
8 9969 9920 9960 9987 9919 9985 9921 9985 9983
7 9999 9956 9978 9987 9973 9990 9967 9956 9907
