46
3 9434 9283 9073 9088 9363 9408 9422 9566 9785
7 9684 9305 9831 9772 9873 9965 9642 9059 9048
4 9207 9753 9714 9843 9675 9452 9511 9579 9560
1 9236 9643 9130 9309 9380 9494 9366 9803 9709
8 9074 9393 9105 9554 9814 9979 9167 9104 9039
3 9240 9895 9618 9602 9738 9293 9703 9250 9521
5 9449 9758 9907 9580 9716 9288 9722 9730 9739
7 9530 9462 9474 9636 9664 9936 9264 9832 9689
7 9697 9930 9848 9316 9181 9587 9258 9885 9837
9 9797 9935 9186 9705 9515 9551 9642 9886 9282
9 9967 9813 9140 9441 9098 9805 9026 9363 9638
3 9316 9336 9295 9164 9301 9124 9752 9559 9010
1 9988 9808 9173 9175 9162 9689 9726 9452 9576
2 9131 9544 9470 9272 9634 9217 9078 9309 9580
4 9674 9545 9350 9617 9710 9651 9742 9110 9859
8 9349 9848 9857 9523 9023 9668 9861 9398 9121
3 9056 9900 9278 9175 9173 9561 9392 9899 9870
8 9913 9193 9167 9263 9811 9525 9915 9554 9636
4 9603 9986 9272 9461 9157 9296 9130 9019 9343
0 9753 9047 9800 9032 9871 9974 9594 9912 9522
6 9534 9435 9306 9349 9699 9766 9875 9263 9320
7 9039 9572 9147 9312 9034 9305 9256 9165 9972
1 9065 9726 9296 9866 9407 9167 9488 9002 9728
8 9763 9262 9095 9070 9612 9795 9485 9488 9059
5 9649 9747 9027 9797 9707 9062 9750 9612 9227
8 9861 9941 9098 9805 9807 9506 9621 9944 9157
9 9604 9921 9261 9699 9640 9874 9143 9125 9011
7 9228 9309 9598 9255 9106 9954 9318 9505 9567
5 9877 9076 9135 9624 9882 9591 9779 9504 9536
2 9503 9141 9506 9764 9841 9795 9287 9984 9569
3 9835 9797 9256 9082 9053 9011 9036 9020 9517
5 9214 9395 9681 9350 9020 9212 9942 9800 9365
2 9385 9868 9269 9540 9281 9758 9336 9569 9743
6 9516 9227 9351 9772 9310 9053 9784 9347 9074
0 9599 9289 9345 9929 9288 9013 9141 9879 9462
2 9007 9848 9024 9276 9037 9306 9035 9373 9875
2 9575 9040 9303 9927 9461 9614 9629 9893 9609
7 9843 9857 9641 9189 9787 9578 9851 9929 9457
6 9084 9113 9810 9109 9390 9847 9415 9074 9869
0 9150 9445 9980 9454 9021 9089 9716 9299 9983
3 9652 9827 9832 9942 9665 9620 9520 9516 9549
3 9478 9634 9740 9937 9392 9778 9433 9808 9501
6 9396 9651 9397 9024 9754 9067 9114 9119 9015
1 9094 9667 9926 9927 9258 9240 9547 9427 9757
4 9054 9884 9028 9442 9821 9421 9869 9255 9877
8 9206 9274 9671 9252 9299 9073 9319 9062 9193
