50
8 4043 6976 4983 3335 9161 691 3251 596 191
2 5142 7008 4757 1801 4406 1624 4058 5224 3087
9 1008 2635 899 133 6107 7867 7621 5267 458
6 1244 4500 7230 7808 9417 7973 8498 4250 8568
6 1300 5292 5697 6056 7092 1685 9261 2732 6908
5 8754 7916 4983 1235 9630 2672 684 7251 7938
3 5922 764 7223 4734 8572 6640 2707 7070 890
8 7341 2189 6567 3038 9827 5242 4722 9088 7973
1 3019 8309 1129 9583 9543 759 2255 1809 9591
3 2950 7095 2539 173 1830 1111 8394 4536 8180
9 7393 7104 3055 5543 142 4464 2367 6446 3552
6 9658 8152 232 2369 7735 1357 3127 9989 3166
4 1765 7697 1395 4303 7869 4806 5413 7845 925
5 8710 8317 2279 3347 5442 4003 7810 7808 449
1 9730 1689 1097 9961 4057 8832 2900 8765 404
2 3065 2168 3762 4459 8052 3213 848 3465 2640
9 223 1351 89 4083 6279 5531 8085 4090 4921
6 8616 4651 1804 1295 6194 5860 1709 9094 4625
9 6741 9271 5862 2086 5313 3915 6880 6160 8961
2 7931 766 2453 8019 4849 8731 5132 4516 4403
3 6214 3019 6286 8017 5896 2481 5460 7604 3157
0 1299 9897 939 7161 3565 6251 2658 446 2411
4 1548 1924 3967 4000 1525 398 4313 6657 4913
8 8292 2709 4899 4578 727 795 7058 7768 8399
4 9434 9697 1695 1955 8440 6841 9787 2680 8868
2 5881 416 5703 9847 5997 7228 1827 1893 5467
3 2191 3759 1031 7089 8336 3339 7884 6977 1107
9 356 2123 9144 3632 4078 9167 474 5447 1847
4 9227 7727 1340 4930 9156 7336 3740 983 9228
9 9304 3001 4547 1917 91 4466 5255 9556 3025
1 9003 3380 8483 9729 7012 4143 8896 7485 1173
1 8408 400 53 9747 6911 792 7084 2234 3356
5 1440 4242 2478 5987 6158 4150 2035 1413 3706
8 7773 4291 8438 7839 4020 5450 3564 4499 2935
8 6824 2926 6717 8458 2673 5211 9249 1339 7444
8 816 8883 6847 3293 6452 3006 7442 8486 6000
1 3545 5356 7020 1984 3195 2622 9015 8340 7120
5 4659 5526 6458 1376 3985 9130 6586 3234 470
5 7421 1285 4496 5851 6159 2530 439 3601 1017
8 7912 6143 1794 6514 9708 6570 9135 8724 4911
1 2257 1152 3364 8714 4109 8930 9426 696 2165
8 6307 1168 2762 2385 8600 8920 4915 9038 4103
5 7059 2015 3656 8852 8528 4947 5423 9246 3671
5 8666 7509 4649 2030 7805 8757 961 7231 1035
5 8709 8924 7456 1471 1309 6057 1974 7805 6677
6 5318 3736 9673 557 2589 9783 5503 9593 9029
3 3091 7695 8264 7739 1308 6069 6496 3850 4882
8 8556 3591 8037 7594 6644 928 5233 8617 8733
7 6275 4051 5646 7530 6189 9816 7314 3274 992
1 4029 4082 5621 2293 3403 6928 9943 1482 778
