49
9 916 9998 8631 92 6642 9558 5325 6841 9873
8 4699 5507 4463 2229 1696 5862 1125 4970 6853
6 581 2518 4671 4456 5920 1599 4399 7401 3958
6 9577 6455 2388 9790 6546 9029 932 3453 7453
1 2270 3734 6311 6733 7544 9589 4177 8669 6141
8 7719 6721 3547 2390 1177 1050 5570 7158 8450
8 7964 9610 7564 1934 9400 4110 2546 332 9145
9 1137 1415 5314 9029 9729 2858 8618 3906 1527
6 4936 9245 3063 65 1635 4239 1114 8786 2979
8 8313 2526 757 7459 4459 157 3152 7004 489
5 7002 3207 3711 2316 2236 3441 6756 2437 8928
5 8777 5446 9110 1840 5511 2327 7661 8206 1114
9 935 1009 3165 1691 8468 7624 3430 1620 4628
8 3916 3213 8706 9208 7110 2524 4231 3866 4960
4 3731 5320 8605 2841 7159 5698 5167 4820 5487
8 5460 6421 7289 8624 8112 5757 7830 3124 8958
8 8623 2874 7253 8911 3664 4363 3017 7895 9811
6 1055 3542 4879 1242 6382 2038 6940 3131 6858
2 9411 3900 8847 8282 4106 8541 5621 1937 3247
7 5977 1870 9034 3230 2363 2698 9174 5380 2175
0 4939 3229 2527 9817 4471 491 1855 2993 3622
2 7001 3033 5776 7430 2897 9882 5972 8517 3401
6 4678 9377 2671 3712 2607 5033 7991 3363 1995
1 2349 6933 4977 4875 8332 1030 6948 1770 5604
4 2064 2605 5184 9422 36 8080 9304 7589 8179
1 6807 2857 3664 1060 6568 7852 7675 6141 1215
9 7889 3563 8185 2867 21 6517 5478 6968 8286
2 9119 1933 3687 4303 1355 3722 3965 2241 1311
7 6527 9700 5000 191 760 3150 8042 8434 9290
5 9686 8762 4402 9453 1629 6004 5970 7106 4554
1 8188 3673 9353 3458 9557 2290 7179 3522 6112
5 5665 2639 9772 665 2829 2114 5396 2453 2131
9 3291 1817 5030 9274 1270 8240 5278 8821 5347
8 6242 5117 3504 7177 8574 4643 9466 7336 8164
4 7408 3829 9798 7180 6075 2627 876 3053 6661
9 9321 1535 6404 4351 809 9255 4174 6087 8077
8 7500 5901 6219 2587 3079 6376 7229 2545 3712
1 9705 2702 805 9503 1464 8462 3713 2339 1515
6 5345 836 3490 3331 6769 4299 2587 943 1968
7 2045 9467 8146 9845 3636 1225 6221 866 5352
6 7841 6639 4216 8645 7724 5679 7107 1437 9600
1 3393 6527 1040 8464 9857 9390 2763 2444 333
6 4689 3959 7362 4418 3805 998 7224 1608 3445
8 3123 2868 797 8920 3096 104 6182 203 1540
0 1989 6514 2309 3029 4979 3748 2419 9323 7774
1 7218 4045 8292 4580 8462 3679 7159 7269 5287
4 1427 8409 3472 3806 7329 6567 3909 5093 8352
6 875 341 5127 4765 4951 1688 96 8952 1011
6 4868 9810 1914 3160 4390 1959 6839 1550 9227
