48
5 9691 9608 9541 9352 9635 9991 9136 9348 9125
0 9550 9934 9236 9376 9271 9563 9697 9820 9193
0 9226 9358 9586 9066 9755 9492 9262 9206 9607
9 9771 9946 9087 9312 9299 9722 9952 9435 9719
3 9783 9270 9661 9020 9295 9933 9232 9641 9402
5 9699 9629 9433 9285 9343 9836 9426 9606 9043
8 9436 9462 9628 9524 9423 9576 9895 9376 9660
6 9751 9444 9533 9413 9113 9477 9994 9346 9766
2 9068 9466 9674 9150 9400 9018 9987 9826 9625
9 9156 9710 9141 9785 9882 9565 9362 9778 9590
7 9041 9342 9115 9223 9404 9228 9349 9399 9223
3 9444 9292 9230 9119 9442 9631 9786 9430 9106
7 9109 9263 9770 9251 9697 9653 9817 9059 9080
3 9730 9770 9399 9846 9994 9451 9723 9991 9851
3 9756 9944 9239 9987 9712 9330 9266 9499 9760
6 9911 9870 9284 9682 9121 9982 9984 9587 9690
4 9643 9069 9835 9691 9915 9478 9143 9287 9470
7 9234 9226 9587 9121 9214 9299 9452 9129 9799
8 9502 9359 9731 9787 9690 9501 9418 9675 9737
1 9388 9381 9178 9224 9720 9742 9351 9864 9029
8 9155 9912 9696 9390 9034 9559 9338 9134 9688
3 9996 9191 9793 9376 9627 9484 9878 9046 9807
6 9803 9196 9645 9981 9069 9014 9372 9421 9526
7 9891 9682 9962 9236 9073 9645 9795 9060 9780
5 9846 9424 9324 9640 9801 9600 9773 9327 9295
0 9591 9098 9074 9885 9728 9144 9899 9101 9213
3 9151 9753 9757 9114 9989 9478 9760 9433 9539
1 9918 9034 9613 9891 9323 9063 9140 9096 9039
3 9326 9631 9183 9400 9164 9912 9193 9712 9013
4 9787 9813 9456 9545 9928 9446 9672 9337 9880
0 9526 9447 9894 9788 9987 9217 9851 9128 9962
8 9565 9289 9170 9396 9338 9983 9309 9179 9696
8 9235 9132 9785 9692 9326 9714 9787 9998 9699
3 9858 9874 9412 9401 9662 9400 9619 9162 9529
7 9702 9742 9519 9521 9139 9506 9505 9097 9686
9 9068 9921 9983 9854 9262 9309 9216 9697 9956
3 9014 9815 9791 9426 9865 9102 9827 9484 9265
5 9715 9615 9395 9883 9137 9183 9389 9290 9281
3 9141 9350 9646 9772 9204 9908 9730 9421 9254
2 9986 9269 9151 9778 9344 9017 9880 9171 9150
5 9824 9865 9410 9220 9749 9195 9052 9139 9486
5 9863 9276 9332 9510 9697 9537 9067 9428 9607
7 9116 9594 9239 9916 9021 9584 9933 9550 9404
5 9992 9229 9598 9051 9098 9347 9247 9151 9135
7 9133 9647 9306 9466 9157 9004 9652 9873 9432
9 9843 9197 9503 9083 9113 9173 9668 9695 9723
7 9780 9364 9950 9378 9416 9048 9374 9663 9848
1 9694 9982 9805 9001 9449 9611 9653 9750 9485
