45
8 9929 9932 9963 9961 9994 9984 9929 9990 9956
9 9918 9921 9901 9997 9938 9950 9920 9950 9946
2 9944 9929 9933 9994 9926 9993 9948 9977 9978
6 9936 9956 9963 9948 9965 9958 9933 9995 9948
1 9946 9915 9960 9948 9961 9998 9946 9982 9997
6 9910 9942 9971 9991 9936 9998 9985 9933 9923
7 9916 9908 9916 9980 9957 9982 9939 9938 9926
3 9977 9973 9952 9937 9970 9962 9984 9965 9945
7 9907 9903 9972 9978 9995 9957 9925 9929 9991
2 9941 9956 9906 9906 9937 9963 9989 9924 9950
5 9909 9928 9986 9909 9914 9957 9972 9947 9970
4 9977 9978 9969 9950 9905 9913 9908 9978 9943
1 9976 9933 9904 9982 9988 9990 9994 9926 9915
4 9991 9972 9974 9978 9982 9936 9983 9903 9984
5 9969 9962 9981 9939 9961 9934 9901 9918 9913
7 9966 9938 9974 9919 9921 9962 9910 9916 9989
6 9910 9928 9946 9932 9907 9977 9969 9991 9981
5 9994 9950 9964 9923 9938 9926 9906 9987 9944
1 9980 9959 9907 9955 9979 9928 9966 9938 9993
6 9912 9951 9932 9907 9984 9988 9985 9954 9927
3 9957 9970 9965 9970 9942 9952 9996 9949 9940
0 9918 9969 9997 9973 9972 9925 9950 9939 9964
5 9991 9924 9944 9924 9932 9929 9912 9917 9932
1 9932 9989 9959 9998 9908 9901 9999 9905 9951
0 9943 9917 9957 9989 9991 9930 9915 9942 9917
0 9935 9909 9952 9927 9981 9985 9957 9942 9903
0 9931 9936 9927 9991 9983 9936 9941 9930 9989
7 9970 9981 9958 9928 9970 9998 9906 9986 9989
5 9914 9973 9934 9967 9901 9916 9952 9906 9959
5 9944 9939 9988 9920 9930 9920 9905 9972 9951
4 9913 9970 9924 9920 9946 9995 9967 9953 9930
2 9978 9944 9978 9961 9960 9928 9925 9961 9935
6 9965 9980 9972 9902 9901 9951 9923 9906 9924
7 9950 9985 9993 9975 9954 9940 9919 9921 9942
0 9979 9921 9942 9906 9930 9903 9934 9904 9964
9 9938 9978 9998 9911 9981 9948 9911 9953 9903
6 9976 9901 9969 9969 9977 9924 9958 9944 9994
9 9994 9973 9970 9937 9928 9901 9989 9963 9954
5 9933 9992 9933 9980 9952 9963 9929 9963 9916
7 9947 9993 9934 9965 9911 9960 9938 9969 9905
7 9970 9948 9954 9989 9934 9983 9938 9923 9994
6 9926 9928 9986 9907 9957 9986 9971 9987 9950
1 9968 9946 9929 9951 9960 9941 9911 9999 9959
4 9980 9978 9961 9983 9967 9944 9966 9954 9968
8 9948 9942 9938 9982 9950 9996 9969 9922 9932
