45
1 9597 2610 3256 1792 7480 1767 5986 5913 7066
6 3928 8478 1113 1681 6507 9425 4928 7225 5906
8 2640 9392 4694 1909 723 5878 4519 8615 9023
8 5603 203 2796 8858 1994 276 626 7980 6188
6 6023 1698 7751 7135 4961 5841 6560 9888 3066
6 7725 7287 1858 2419 9195 4162 8297 5296 4360
4 5482 9962 687 8277 8821 2680 8552 1029 2242
1 302 8264 9602 8052 5399 4563 3893 3542 6034
2 6007 3759 5828 9447 7759 5024 5191 7638 320
9 8122 5802 9513 8808 5661 9916 1489 5796 945
2 2119 2828 3577 1721 880 558 7866 6355 4099
9 4896 1689 9240 2306 2718 6999 7329 9490 4638
2 9041 2760 6615 137 1569 2276 1635 4639 8071
2 9950 1772 6988 5109 5075 9449 5667 2941 5804
0 8422 2282 4618 7662 4588 7335 4661 3499 8408
9 4312 7449 5223 927 9167 8373 4785 802 3012
5 6544 4544 6210 3532 9653 1285 4563 6902 5807
7 9831 4229 4231 4450 3473 401 3367 8133 3900
0 597 8211 806 5819 721 9972 4192 5505 2356
7 9942 8899 3329 7734 2431 4564 601 6994 1466
6 8943 1298 2218 3174 7329 5690 3575 696 5406
3 4053 6002 8849 4858 1821 9569 4831 6012 6656
6 4797 6599 7668 9707 4333 1681 4272 4934 257
5 2923 9199 199 5141 3956 9109 2413 9112 9805
5 9750 5440 3820 8599 298 5640 9751 6710 3234
9 5479 9612 4588 4729 9320 504 6409 5174 7019
3 4075 9941 7447 5856 6664 2985 4965 9077 3679
3 6895 3429 1792 2298 3611 3672 7937 3362 382
0 9768 7442 2366 4357 2171 3268 6442 163 24
4 8410 5681 3402 5857 1537 67 425 6501 726
4 2854 7620 7532 6227 9917 2725 9898 9437 6086
4 3773 7436 9304 6138 3375 3058 989 9816 3220
6 3277 3212 8274 8261 9068 9810 8327 9492 7894
4 5178 2330 9836 4292 8556 9754 7016 8455 774
9 318 4546 2120 1204 2266 7077 5843 4836 6893
7 9012 1753 3856 7286 14 4507 8679 9922 5581
8 557 759 485 393 5050 9040 1729 3648 9077
2 8331 977 212 452 3763 2478 7528 9605 8895
3 251 7907 7755 5688 6776 7768 195 7037 7690
7 5192 9828 6534 5676 222 3167 6298 3532 6814
8 7616 5146 7934 7827 7179 1697 1887 6289 1303
4 2292 3135 272 1630 8822 8629 980 600 5666
2 6375 858 81 4491 6533 1884 7657 2832 5416
0 9789 4614 1200 7723 2441 9960 9420 5910 6249
0 8274 123 7021 128 3334 7425 8757 4314 8024
