50
2 9990 9802 9174 9183 9379 9663 9279 9527 9555
0 9557 9871 9711 9709 9762 9606 9244 9848 9034
7 9622 9561 9386 9141 9155 9284 9222 9675 9044
3 9713 9683 9607 9535 9867 9986 9847 9794 9514
6 9642 9071 9923 9353 9429 9334 9608 9322 9182
7 9185 9805 9204 9220 9595 9008 9153 9818 9683
1 9622 9045 9881 9230 9581 9749 9217 9429 9544
0 9481 9186 9099 9053 9188 9177 9387 9797 9500
9 9088 9334 9024 9941 9555 9267 9949 9357 9086
8 9555 9709 9327 9437 9587 9556 9835 9805 9634
0 9833 9763 9214 9933 9817 9051 9759 9205 9849
9 9424 9585 9243 9448 9175 9447 9716 9125 9804
8 9055 9360 9160 9382 9446 9396 9587 9282 9202
7 9310 9683 9986 9525 9265 9451 9577 9024 9657
5 9933 9081 9308 9176 9178 9484 9624 9895 9609
2 9347 9665 9438 9156 9696 9533 9553 9284 9815
6 9154 9126 9735 9141 9299 9001 9241 9525 9026
3 9600 9959 9628 9909 9136 9455 9393 9409 9351
8 9134 9347 9965 9221 9151 9309 9754 9353 9242
9 9757 9397 9345 9493 9186 9645 9494 9428 9818
0 9975 9067 9129 9252 9976 9914 9708 9018 9971
1 9318 9106 9703 9932 9328 9855 9242 9083 9209
7 9302 9614 9530 9295 9756 9717 9941 9899 9145
1 9068 9769 9475 9846 9021 9100 9760 9378 9767
9 9734 9086 9487 9438 9667 9464 9942 9557 9195
9 9690 9146 9415 9221 9442 9171 9938 9031 9719
7 9440 9788 9502 9916 9634 9172 9017 9043 9550
6 9424 9285 9520 9560 9372 9835 9673 9315 9393
2 9116 9732 9663 9179 9954 9106 9999 9541 9786
0 9922 9226 9507 9072 9791 9790 9245 9456 9482
5 9890 9555 9378 9058 9764 9751 9894 9438 9715
3 9603 9479 9317 9267 9659 9920 9022 9307 9109
1 9027 9032 9683 9183 9105 9123 9622 9998 9228
4 9091 9118 9661 9469 9825 9074 9869 9368 9512
7 9953 9116 9712 9271 9032 9020 9192 9703 9328
7 9512 9004 9334 9844 9187 9088 9615 9810 9735
5 9563 9826 9611 9225 9296 9437 9299 9814 9806
9 9047 9760 9225 9408 9680 9906 9077 9872 9610
5 9175 9770 9058 9158 9615 9246 9894 9879 9705
9 9723 9269 9105 9335 9142 9402 9772 9090 9864
2 9199 9560 9635 9073 9968 9316 9980 9694 9189
8 9748 9012 9010 9807 9819 9625 9702 9714 9153
1 9992 9877 9325 9098 9212 9468 9148 9633 9559
6 9509 9407 9574 9145 9481 9191 9461 9462 9533
0 9702 9282 9312 9712 9738 9131 9986 9441 9494
9 9498 9487 9665 9824 9585 9526 9941 9734 9160
0 9396 9670 9557 9619 9463 9039 9458 9573 9150
7 9873 9500 9275 9833 9213 9662 9613 9848 9104
1 9637 9603 9243 9303 9075 9829 9830 9665 9212
8 9814 9257 9309 9020 9525 9421 9707 9984 9995
