47
4 4602 1917 2032 8005 2209 6416 3991 5424 9227
6 3484 5314 7404 2676 4903 9716 5583 5270 6652
0 4325 8494 3217 1088 8855 8677 3466 5506 5888
1 2707 2073 7667 4739 78 9875 1155 4069 6882
4 8700 1948 8860 6104 4623 3763 7402 206 9032
1 6757 4940 4130 1556 6027 2985 234 9492 73
8 5242 4362 9775 2909 683 1436 4367 1837 5504
8 5383 4204 4778 4243 1890 9400 8005 874 1189
0 6509 9527 5142 639 1083 1169 5205 2898 2243
2 2184 7484 1222 3541 1976 1904 4976 6342 5322
7 9172 2288 6265 3950 6530 9736 4932 6118 610
8 6320 8700 7229 1462 921 9894 4212 6126 2792
4 4568 6557 5520 5789 99 7495 9274 5074 5419
1 7136 6173 6883 4983 1705 4996 4720 6637 1114
9 4339 9015 5612 1569 477 6532 3045 4688 4240
1 2724 8807 3976 9825 6178 4074 7321 5452 9147
3 1631 7865 496 96 2849 2200 5091 7568 419
6 6061 4758 6801 1673 7908 8859 9787 953 5129
1 8370 7852 5999 2346 7678 2177 8001 6581 9211
6 903 842 6596 2980 937 9444 5180 7610 8594
9 5396 6238 1938 3780 7910 1428 2639 9279 3962
4 4889 3915 7202 2470 7842 6462 6228 5844 3043
6 4575 5528 7862 2753 8507 382 3780 5269 7991
4 2450 4969 194 4387 331 8104 7397 2970 8965
6 2320 3854 6855 1104 7905 4698 7566 4134 2124
7 9572 8280 9300 9017 1033 9390 9398 4812 4659
6 8768 7108 5522 8961 3078 5853 8647 475 405
5 3415 2724 3049 1853 3827 955 6550 2975 5088
0 5166 6242 8535 4466 5259 9567 5438 6239 5962
7 6792 4730 8787 2315 5273 1865 8167 3921 3921
8 1534 8918 2877 6164 771 8285 7118 8902 1261
7 740 6426 1613 9274 2474 8453 424 7912 4693
1 9591 3067 2697 9960 5381 7970 3408 5130 1891
3 5283 5006 7828 8159 1170 181 6445 9870 665
8 5240 1404 5713 6852 678 9768 5306 2684 9262
2 9068 436 4647 1766 397 29 9735 3804 6740
3 2714 2024 8213 2125 183 965 2305 6627 835
1 5914 6075 5955 3209 4509 8215 2978 9814 899
4 1395 1549 4258 7624 3314 4654 9234 4631 40
6 7838 4335 7997 7633 6459 8180 8598 347 6389
7 4898 3886 7089 2435 7094 1599 650 1654 2995
8 5476 5972 4679 9733 3596 9574 5969 2830 5788
1 8803 5208 1925 6801 2842 9966 6563 3022 313
8 4036 5210 6837 2708 9226 5514 5888 1459 7167
6 4588 2643 6436 849 3958 32 2006 1509 4443
1 9098 4829 4583 2606 3212 9006 2572 9774 3610
3 4308 7646 9675 2728 354 8901 8241 6241 360
