46
4 6530 8051 3142 8960 3591 4755 966 5100 781
0 4198 5609 6506 8385 403 7094 957 177 705
6 6066 8350 5097 8793 286 5581 7034 8108 7522
2 6395 4052 3658 1119 4595 7248 7456 5560 2348
9 7483 8128 5427 5571 6513 5829 4247 7470 7587
4 2892 3653 4883 9571 2447 6750 5152 1063 6440
5 5087 2836 8308 8744 3954 2903 5993 2992 45
3 1228 9109 9632 8236 6262 6146 4065 510 5198
7 7042 9671 6887 3508 9242 9333 258 5976 1978
7 233 7065 1116 123 7391 6651 4607 4966 9643
4 6471 2453 6925 6103 690 4769 3831 6336 6860
7 7988 3903 283 4875 8992 1107 5790 832 7083
8 9111 8897 6414 1809 9019 5388 8460 5208 354
0 1441 6824 2138 9947 4510 4409 4717 8340 746
3 8951 316 7061 9233 6772 6053 340 2562 6885
1 1911 7578 7901 9907 9387 8502 5295 7847 3710
5 9114 6733 5637 1252 8262 147 7243 2979 69
1 4556 9019 9885 1617 8252 6657 9252 8592 801
9 7596 4293 5297 7080 5782 4684 5582 1077 2531
7 9889 1645 9189 7108 4479 7451 8836 3304 431
6 2874 6568 7924 2759 9766 6176 998 9018 6350
9 6737 5529 7672 2035 2609 3455 6718 9772 6113
3 647 7584 4058 1418 4692 119 8869 3528 3422
0 2433 6295 7449 1939 636 7215 9696 1633 7816
5 6594 4553 3158 4267 8169 7348 9303 6470 7120
0 7301 9349 4583 2941 767 9274 3060 9635 2803
3 517 6817 4359 7965 8755 6576 6763 8451 9791
1 6080 6385 714 9237 652 8883 6585 1537 5353
4 8535 4236 4637 3118 7176 5403 2392 1818 6621
0 8299 8719 3593 4240 6685 3930 816 5030 3964
3 9608 44 6992 322 864 9225 787 7448 763
8 4318 9297 3539 8954 2415 2298 5940 6388 4115
3 3165 3996 2862 8339 8235 1129 3852 634 6158
8 1240 5766 7858 9813 7670 8721 9039 39 7752
7 9342 2070 2263 2881 2607 6259 5178 129 2647
7 4271 7393 3289 7132 7315 3107 8261 1167 3740
1 564 4979 1768 8421 6375 1020 8725 6996 1058
2 8379 1982 1711 2224 4863 4317 8482 41 4445
9 916 298 1687 5787 7430 9001 8893 7273 1750
3 3274 2313 9193 6623 2316 5568 7642 2623 2564
4 682 2525 2264 2393 4748 7126 8291 3230 8749
8 5941 1247 4616 9209 7033 3628 8210 5926 901
7 141 5757 5436 9334 2380 9333 4902 23 1957
0 1887 4220 1573 4150 8194 6321 2859 8068 9550
8 2387 7073 6018 8584 7864 3052 2213 6074 560
1 9197 701 452 6215 1617 2832 5549 8100 4436
