48
6 9995 9994 9908 9909 9966 9985 9920 9987 9920
9 9978 9912 9931 9965 9946 9986 9965 9971 9932
8 9988 9991 9932 9926 9998 9906 9920 9991 9918
5 9905 9914 9987 9962 9971 9954 9996 9992 9990
5 9900 9969 9977 9932 9982 9972 9967 9948 9992
1 9918 9980 9987 9950 9907 9986 9905 9976 9978
6 9921 9931 9938 9909 9994 9910 9911 9938 9950
7 9903 9951 9919 9981 9932 9902 9902 9900 9999
5 9949 9917 9975 9985 9916 9931 9971 9922 9956
1 9946 9978 9930 9932 9936 9972 9943 9948 9959
7 9950 9963 9994 9918 9993 9927 9921 9996 9976
8 9939 9973 9987 9963 9959 9904 9995 9931 9926
7 9977 9921 9979 9956 9954 9915 9977 9945 9964
2 9988 9963 9901 9930 9982 9995 9906 9952 9939
7 9973 9979 9904 9961 9942 9964 9913 9986 9943
9 9986 9921 9910 9966 9978 9964 9930 9955 9958
7 9941 9995 9906 9942 9926 9936 9986 9932 9989
3 9915 9911 9953 9920 9920 9996 9933 9934 9931
4 9923 9918 9947 9934 9932 9973 9947 9963 9977
5 9906 9919 9949 9960 9910 9976 9997 9996 9909
4 9923 9973 9994 9977 9942 9915 9922 9975 9998
6 9901 9922 9920 9996 9905 9953 9918 9952 9916
5 9907 9923 9912 9957 9984 9922 9981 9930 9919
8 9965 9991 9912 9960 9968 9955 9924 9939 9979
6 9941 9928 9994 9961 9925 9900 9915 9992 9901
9 9937 9908 9903 9950 9914 9936 9921 9996 9914
8 9935 9980 9932 9948 9989 9949 9904 9962 9989
6 9934 9930 9960 9929 9940 9986 9930 9956 9927
8 9936 9913 9988 9988 9964 9951 9973 9985 9947
1 9975 9931 9917 9956 9980 9955 9906 9933 9918
6 9917 9953 9922 9978 9931 9963 9913 9961 9920
0 9941 9905 9903 9978 9942 9915 9930 9915 9901
3 9952 9925 9958 9917 9981 9939 9973 9936 9972
0 9980 9938 9941 9903 9964 9972 9967 9926 9982
4 9915 9972 9941 9919 9999 9983 9935 9930 9947
4 9904 9900 9958 9911 9966 9940 9998 9939 9925
0 9927 9905 9958 9917 9909 9971 9990 9924 9945
8 9960 9909 9942 9950 9977 9942 9934 9960 9920
9 9994 9973 9930 9953 9985 9997 9942 9984 9985
2 9904 9961 9973 9910 9978 9931 9930 9917 9904
3 9938 9965 9934 9929 9915 9911 9919 9998 9972
9 9928 9967 9962 9907 9920 9948 9953 9911 9980
3 9979 9985 9948 9901 9944 9927 9980 9974 9944
6 9999 9931 9998 9933 9909 9962 9945 9929 9909
3 9918 9938 9934 9981 9994 9903 9977 9947 9914
1 9934 9942 9992 9983 9991 9936 9958 9920 9959
6 9954 9959 9983 9901 9941 9993 9964 9987 9970
6 9954 9989 9960 9936 9970 9954 9940 9948 9950
