50
4 9629 658 9586 1646 4832 1498 4853 3807 5424
1 9207 9446 8371 8792 4639 9926 7255 6585 1697
2 4675 4097 6339 5778 325 3419 862 802 574
0 4128 203 3551 3715 3430 9964 6794 8283 3771
0 3005 4561 3247 2959 3353 9467 2885 608 6052
8 7242 2310 260 5163 8087 2167 8581 531 4550
5 3425 8678 939 6975 2393 4368 6940 9186 4233
5 4569 7238 6853 7815 197 1788 7283 4663 2396
1 826 1220 7226 2667 6382 6896 4833 4963 7426
2 5699 2433 8061 6637 991 2036 2587 9512 1222
8 1805 7373 5640 241 5188 5836 3610 4053 2081
2 553 2906 8806 9360 5572 6770 6256 406 3315
3 1371 9013 7697 9431 7232 270 1467 1402 9781
2 9803 3169 1643 5443 3409 8413 2861 7018 4048
7 6188 4600 9428 4994 3961 5000 3347 1799 6987
8 7063 8357 5675 6343 9370 4489 6612 2419 5890
6 8271 5693 9562 9913 2718 4553 9908 5578 3153
5 2101 9340 8556 1529 5917 4099 6529 9263 5898
9 5924 4543 5038 3181 886 4408 9252 9080 8409
9 7056 6680 2418 6618 6593 6717 2753 8084 3878
8 2041 5978 6828 2179 7507 4327 6278 5618 3590
8 2298 1096 8300 7335 5859 769 3326 5111 9848
5 1835 6904 8414 5834 5104 6589 2552 7856 6255
4 5343 8295 2407 3753 475 1496 8079 8334 7113
0 2092 9411 4347 1974 8328 206 2742 1654 6898
1 4970 8732 2658 4966 4567 7761 3138 7118 7199
6 5129 4125 7688 7535 7877 9744 614 7539 9660
2 790 3334 8719 5136 5307 8630 6923 9631 284
1 3803 6836 4136 6461 1802 8702 4222 4939 7402
0 4332 2531 7128 2020 1648 6587 3346 2261 4126
1 1570 4916 6339 1871 1634 1646 501 140 2859
4 5542 6662 7620 9677 3123 1004 9961 8926 5943
1 3512 275 1476 640 3876 3124 8809 7221 6966
2 1809 8535 9432 8147 407 2649 1375 2489 4370
1 4855 1494 2478 4057 1172 7182 5061 1133 6108
3 79 1203 2860 3136 1842 6735 6259 2233 5538
6 6750 8928 4925 7764 8657 5331 413 32 9402
9 5847 4257 7858 8324 8314 612 7088 3375 3326
1 4378 3404 4399 8819 6540 7822 7136 4381 1638
6 9188 8387 3184 4114 6151 1841 1027 8146 1872
2 4510 9301 6268 3950 9207 4582 4561 6296 7956
4 1075 3916 2873 7055 4317 9412 6459 1453 5376
5 4126 6146 6483 8891 1842 2635 732 4451 781
0 4879 6872 3486 2729 823 4276 7310 5383 572
2 3270 3228 2346 6143 283 6662 7137 6741 8114
0 4838 3822 242 2903 2713 2083 5537 3444 6533
4 7629 2995 4772 2697 7305 7176 6972 4616 2559
1 3046 7411 2353 5392 5136 2635 2054 3855 959
3 7950 7378 5572 9773 281 8285 3438 7400 1729
7 5299 940 6130 1653 3637 3435 8828 609 9632
