45
3 2679 381 3669 8070 5516 7886 124 953 427
1 8902 7804 7446 8675 9666 7313 3696 7066 624
6 3948 1564 1379 7182 6782 6395 6011 8972 6028
7 289 8706 943 3958 6776 8040 1844 8481 8992
1 1938 9477 1656 9383 9734 1322 8278 3430 9970
6 8678 5500 2047 1639 2682 8828 8034 275 7801
0 837 9671 4350 3361 3629 2708 2983 7054 1189
4 906 3126 3035 4143 4091 2769 5465 2369 6199
0 2853 6459 2517 4899 9680 6780 5310 9296 8637
6 4940 1056 4364 9289 4417 9575 1997 8981 6629
1 957 9117 9475 3991 3260 3566 8342 307 7517
9 7323 1952 2582 1422 8432 2262 9784 3742 1558
4 17 8079 1059 4381 8950 7057 3956 2529 6039
5 7296 8577 2866 8353 2569 6126 3501 911 6432
3 7033 5338 4551 9614 8341 2984 3459 8125 8307
1 8128 8324 4678 9187 4287 5210 7826 9824 7739
2 3573 6617 2443 6439 4970 6593 2565 8470 7503
6 1071 6118 5916 5621 7314 4258 187 773 3965
1 7371 3676 8400 3631 4445 2687 8840 2271 4093
6 6136 7665 3196 8578 4104 9747 5171 8250 8218
7 412 9288 374 6327 4909 7687 2167 6678 43
9 5172 7413 1390 5154 2626 5834 7840 1466 8104
0 9627 4240 1180 4405 4400 6866 4153 9570 6698
4 5408 7109 3241 5781 3437 9731 5051 7185 6409
8 6481 3163 4088 7870 8316 6713 5286 7738 9760
6 1253 970 795 2433 6957 5195 881 2692 6347
6 6644 1756 4688 9884 9118 9706 1198 5751 8473
1 2426 4955 2352 6513 4407 669 4808 1276 8406
9 6248 1242 8702 7042 3674 5659 3819 6136 8350
7 3714 4994 5086 9983 6460 4204 9689 7658 1538
2 6847 3963 4700 9198 2059 9106 9866 8448 382
0 6181 8211 1097 4884 5254 6352 2125 655 2488
5 2403 7783 7051 7488 7767 3512 3275 9038 2752
4 8783 9598 357 3483 8796 3997 2590 246 4028
5 1683 209 2765 2779 6674 9600 9130 8799 1837
0 857 4240 2565 9489 3310 332 4583 8166 953
5 4560 9735 8514 6499 3219 8893 2078 7390 721
5 3525 2403 7896 7871 5181 6152 7471 5893 6533
8 675 7389 5130 3239 8461 22 3571 4626 8188
3 3543 2748 5840 2057 9246 9058 2532 1325 6448
6 9011 1556 7236 6907 9426 2417 3060 6898 9891
4 7788 566 8564 4500 3805 8607 4521 8957 3233
4 5062 6775 7039 902 415 7867 9960 2946 774
7 7780 9785 9545 5016 8274 8972 7433 2916 7452
4 4091 6822 9472 2655 2904 3277 2844 9006 3816
