47
9 9401 9122 9970 9929 9804 9525 9954 9897 9333
5 9291 9286 9607 9971 9322 9489 9004 9451 9071
9 9914 9159 9324 9477 9350 9991 9155 9343 9863
1 9714 9265 9279 9685 9194 9084 9859 9797 9629
8 9432 9921 9128 9039 9541 9450 9177 9194 9550
1 9932 9113 9056 9257 9239 9054 9248 9395 9398
9 9552 9113 9025 9479 9447 9868 9564 9307 9666
7 9148 9746 9763 9925 9434 9953 9024 9612 9147
6 9509 9728 9337 9565 9986 9225 9268 9883 9269
4 9291 9821 9429 9317 9301 9525 9834 9514 9481
8 9356 9278 9896 9768 9203 9331 9370 9876 9943
3 9099 9101 9895 9085 9315 9529 9958 9584 9061
1 9900 9353 9698 9978 9319 9648 9152 9154 9162
6 9303 9167 9912 9200 9584 9764 9531 9603 9288
6 9769 9388 9225 9313 9122 9188 9843 9081 9773
7 9957 9321 9906 9656 9948 9873 9304 9100 9028
4 9734 9332 9931 9295 9532 9164 9059 9712 9768
1 9484 9186 9385 9710 9499 9156 9547 9991 9885
9 9544 9843 9290 9098 9148 9239 9620 9101 9988
0 9865 9723 9629 9797 9666 9810 9610 9374 9523
1 9723 9008 9213 9757 9367 9713 9562 9914 9352
1 9883 9545 9940 9822 9292 9736 9710 9913 9838
1 9562 9703 9070 9840 9149 9737 9651 9759 9112
6 9786 9484 9480 9000 9890 9496 9361 9100 9059
5 9197 9591 9260 9137 9414 9552 9522 9124 9466
0 9471 9677 9361 9542 9518 9510 9927 9818 9918
1 9642 9705 9820 9123 9354 9711 9619 9716 9812
0 9431 9009 9270 9339 9795 9333 9540 9966 9106
4 9976 9578 9332 9337 9768 9499 9496 9344 9317
4 9033 9960 9769 9502 9731 9124 9213 9999 9840
5 9327 9920 9332 9246 9908 9776 9579 9449 9743
5 9104 9367 9912 9085 9353 9329 9585 9850 9322
8 9914 9004 9159 9332 9506 9891 9457 9720 9539
3 9043 9867 9866 9023 9113 9423 9800 9341 9872
8 9676 9625 9559 9237 9359 9561 9215 9945 9060
1 9144 9975 9542 9304 9308 9049 9844 9414 9418
5 9360 9462 9900 9875 9134 9662 9299 9934 9652
9 9774 9328 9446 9982 9214 9806 9544 9429 9399
4 9968 9192 9229 9159 9497 9186 9209 9990 9601
1 9023 9962 9738 9572 9486 9873 9234 9433 9456
2 9254 9231 9864 9348 9862 9078 9155 9407 9508
6 9661 9125 9396 9891 9284 9542 9078 9142 9181
0 9770 9205 9290 9157 9777 9424 9679 9660 9858
4 9548 9113 9015 9412 9462 9877 9139 9265 9285
3 9117 9594 9422 9513 9486 9355 9704 9564 9497
4 9892 9916 9739 9831 9074 9165 9256 9754 9826
4 9538 9022 9228 9553 9083 9339 9079 9223 9253
