48
9 803 4203 6253 5187 4258 4401 8767 4372 9261
8 1459 471 8151 6652 8924 2154 8980 3381 413
9 3538 7242 7574 9693 1050 2780 4318 2381 2352
6 8766 4736 9153 6601 9922 4993 1002 8690 9364
7 229 823 2315 9961 7474 1239 2116 8036 6202
4 4486 9739 1352 2060 9432 3983 6421 5332 7945
1 282 6711 5091 9434 3312 6596 6009 4314 5286
5 6158 7096 7777 8473 7058 6834 1294 756 4870
5 4865 938 8816 7798 4580 9830 1781 1001 5162
2 1356 5444 8018 8029 6460 1330 4625 2470 7225
8 9424 3384 171 7202 1857 7228 4036 3150 7983
9 646 4430 1426 1044 2228 6005 875 5590 8587
1 6897 1526 3062 4915 9554 1105 7827 5761 5156
3 8835 6162 8435 9005 3364 292 6234 8981 5024
2 9469 7251 230 2477 8294 4039 8481 751 1212
1 8369 8108 8593 1431 4606 9729 4117 2433 5490
5 9066 4325 7017 7502 3331 381 9375 1147 945
5 8527 414 3232 339 2890 1527 4378 2953 2277
4 21 2228 5279 197 3659 1467 9925 9357 5481
2 213 4548 1323 8811 3632 6235 9191 4589 8963
7 8988 7491 2131 3802 7829 6602 6910 3789 1137
5 960 1158 2997 7821 2936 6655 9287 4443 7595
6 1441 9389 2481 4346 8200 6112 2163 8973 701
0 692 1271 8617 4404 5073 8028 2589 1983 1818
2 2752 2777 4882 5749 598 9399 3986 1468 3843
3 7818 6865 2552 1881 1211 2334 7992 3374 1308
3 6082 3581 3128 6281 7984 8200 4309 573 1765
8 4298 6099 486 762 3430 2665 162 8997 4132
1 2161 3532 2451 6294 6994 5244 8628 4986 200
0 6843 6281 3516 9970 2562 3082 9752 8452 3655
8 6161 9534 9197 6646 296 2627 9310 2039 1625
8 9206 3785 139 3240 79 7133 8483 289 3701
0 1806 544 6545 6903 514 689 9985 266 723
9 3365 6883 4756 2562 3529 6633 6771 4422 255
2 1029 1043 3762 2749 4282 5422 1464 4347 5711
9 6193 7516 7290 2738 4420 9386 5008 4405 1234
9 1209 6180 4196 7546 8742 9307 4179 5513 5311
1 5490 6339 8640 9251 670 2922 4673 2134 8851
7 8880 5044 9482 7752 9364 3902 8720 5954 9888
3 3267 2679 6134 7463 225 6458 8352 5985 3553
6 2001 625 1584 641 9875 2253 5144 6131 5968
7 8096 4848 2204 9160 4183 3150 4644 2903 9103
5 4439 3953 8792 574 2998 9016 8613 1350 5002
2 5012 8584 4373 6595 807 5831 430 7532 1962
3 3110 1640 2828 6895 801 7010 45 5444 9913
2 1559 4352 4682 351 6507 7679 9367 6703 611
6 452 7204 6117 6406 3799 6923 2237 5811 4455
5 2209 9146 7420 5036 6041 9802 3629 7667 5246
