48
6 9963 9958 9964 9969 9970 x 9948 9981 9919
0 9944 9976 9990 9945 9917 9952 9931 9958 9979
6 9997 9956 9934 9933 9940 9915 9994 9914 9997
5 9936 9931 9984 9901 9901 9914 9926 9991 9914
7 9978 9977 9971 9949 9977 9938 9931 9956 x
6 9918 9969 9999 9923 9995 9989 9992 9922 9911
8 9960 9915 9963 9987 9950 9966 9923 9935 9999
9 9926 9908 9973 9932 x 9943 9956 x 9920
1 9914 9942 9948 9979 9909 9940 9955 9931 9940
4 9989 9957 x 9991 x 9950 9930 9944 9963
2 9921 9944 x 9932 9956 9968 9953 9959 9993
4 9913 9956 9955 9917 9984 9939 x 9961 9957
9 9990 9933 x 9979 9959 x 9901 9943 9909
9 x 9987 9990 x 9930 9922 9986 9932 x
1 9945 9953 9927 9912 9915 9966 9922 9929 9955
3 9923 9905 9975 9969 9978 9971 9927 9939 9969
6 9944 9926 9996 9927 9982 9921 9954 9912 9998
1 9950 9937 9971 9964 9915 x x 9926 9952
5 9998 9949 9941 9935 9993 9930 9906 9991 9972
8 9986 9919 9908 x 9983 x 9918 9974 9981
8 9900 9962 9984 9983 9927 9979 9936 9934 9959
7 9940 9951 9984 9931 9946 9958 9914 9976 9979
2 9918 9963 9942 9986 9960 9958 x x 9979
6 x 9915 x 9928 9906 9908 9996 9948 9954
9 9901 9998 x 9959 9965 9966 9915 9931 9913
3 9990 9909 9956 9978 9937 9943 9914 9909 9982
3 9913 9909 9962 9978 9983 9929 9982 9943 9981
5 9922 9904 9946 9959 9981 9921 x 9903 9932
3 9910 9965 9939 x 9964 9945 9976 9965 9937
0 9905 9997 9976 9985 9922 9961 9976 x 9989
6 9989 9948 9998 9910 9956 9970 9997 9923 x
9 9962 9929 9939 9971 9911 9953 9902 9987 9977
3 9936 9999 9989 9987 9907 9972 9993 9985 9905
3 9969 9913 9919 9967 9964 9942 9929 9903 9947
2 9961 9937 9952 9900 9906 9911 9975 9914 9967
0 9922 9956 9999 9975 9953 9991 9933 9998 9935
1 x x 9919 9933 9929 9991 9928 9920 x
9 9921 9957 9947 9964 9910 9955 9983 9940 9914
1 9948 9966 9991 9926 9980 9905 9969 9919 9994
1 9902 9955 9982 9988 9941 x 9926 9979 9998
0 9973 9981 9967 9939 9911 9909 x 9960 9993
3 9981 9969 x x 9945 x 9986 9997 9975
0 9945 9909 9990 9916 9930 9960 9996 9945 9931
6 x 9961 9989 9930 9984 9915 9984 9920 9942
8 9906 9941 9920 9906 9982 9976 9931 9956 9900
4 9992 9969 9920 9965 9943 9948 9914 9949 9977
3 9922 9913 9912 9957 9968 9912 9947 9992 9908
7 9945 9925 9941 x 9939 9976 9993 9991 9993
