46
7 9927 2476 x 8282 x 4668 6160 x 3237
6 316 4700 5516 587 1496 4344 4289 1624 248
5 x 3963 7603 x 5345 2196 5433 480 8576
9 6246 8519 1119 x 6990 490 395 7194 133
5 8762 9217 6754 6207 9860 789 8356 5430 x
1 2902 5120 5712 3443 6684 2014 422 7063 x
5 9019 7612 4653 7022 5434 1467 583 7013 8998
1 4023 3459 9783 4157 4608 6854 x 7774 4858
2 1881 4617 1649 6496 5002 8179 555 7078 4355
1 94 7748 x 7755 9959 6307 6140 4150 5684
5 2180 5331 4740 8097 4882 4461 6832 7073 x
7 x 1474 2456 3185 7550 936 7879 6996 6594
2 2816 9285 1074 2604 8299 4067 7353 1380 2022
5 2200 254 3109 4398 4155 7807 5390 5784 4679
6 4166 6949 9316 9380 4036 3021 6765 7208 4423
7 7691 x 5498 x 687 94 x x 2696
8 2510 1782 7059 6455 x 4802 1563 8980 3745
7 3780 x 788 3665 x 8136 5662 4144 8381
9 7022 x 8683 x x 2405 639 x 7310
1 1062 3824 6005 48 4533 7741 5464 9347 3144
6 3410 6018 9082 5707 x 4599 660 7511 4323
0 x 821 1662 5562 7848 5815 745 5984 1785
5 1733 8058 2939 1598 2322 6085 6851 9822 3699
8 825 4207 1971 5570 3956 9006 x 7346 3190
3 4787 8814 9715 9300 9220 5451 2334 165 7660
6 3231 7028 x 653 8024 9190 7244 x 6059
0 5457 6570 345 5445 1461 800 9326 3934 2483
8 3135 9699 2875 2713 6276 6442 5810 9246 x
6 7513 5892 735 5613 x 8193 9793 1806 9568
6 2323 7949 1921 x 9312 2103 5399 476 2426
1 604 676 2150 2508 1152 3168 x 7073 5032
8 9423 4390 3794 4545 7828 4336 5949 1711 7652
4 1742 x 9308 1876 x 5033 8118 4011 6082
5 3435 3931 746 600 4787 6482 x 5617 5212
6 9004 x x 5976 7986 4807 3751 1400 8829
8 9574 3795 3130 5914 3857 4497 600 9655 8941
2 9738 6769 6888 5673 2452 6781 5658 9440 8254
8 6987 5699 3218 7380 9423 5560 x 4652 3769
1 9441 3011 x 239 6478 9436 6806 3302 9303
0 7184 8626 1652 8295 421 6226 8893 8115 4357
9 8704 x 8140 1792 x 2747 3513 9814 8709
5 x 6298 x 3050 1605 6426 5429 772 9487
0 x 564 2537 260 2803 4981 9050 3720 864
4 5495 3195 3855 6032 6851 x 5152 6499 2
5 261 9390 2347 1235 4755 x 3008 4852 2712
6 8790 8929 8253 x 742 9672 4916 2585 7233
