46
8 6003 x 3929 9194 x 9630 x 3922 4272
5 4107 6128 4950 5591 3643 2148 2945 2308 x
9 4458 7689 x 7319 8820 x 4674 9088 7906
0 4438 9220 6240 8032 1923 1005 1034 8492 8770
2 x 6784 8912 7685 1208 4073 3260 9020 4396
3 4010 4963 9709 4597 x x x 8630 7231
4 x 9115 3893 x 7965 2110 8930 872 7630
6 4175 4186 4624 x 7376 2456 3350 5855 8567
4 x 5508 8799 991 5371 5084 9906 8758 3747
6 305 3516 8210 1355 6854 7810 561 601 x
5 x 6392 1091 9754 2618 2513 x 8652 9360
5 9152 7610 x 1621 3532 4488 x x 7096
1 3850 2600 1736 5280 4746 6064 9828 9252 1399
9 1419 6747 3828 3829 5968 732 7938 1275 3206
8 9035 454 7399 4912 2426 x 2967 8325 7425
4 2836 x x 297 x 185 9569 9684 4007
4 688 3453 x 7461 6396 7549 141 8455 9392
5 6317 3086 83 749 2798 643 3475 8368 93
7 6748 6398 2367 2436 2372 424 9726 1371 404
8 5457 6704 7329 593 1853 6947 598 5803 6959
0 9362 3904 6162 108 6117 3599 9132 9221 1374
0 8652 2838 x 3436 9625 7150 x 8094 5892
6 1104 9866 3246 1321 9092 774 3106 700 x
9 2928 9653 694 9265 8061 156 7771 7094 3226
1 4546 3359 6655 1358 6105 2181 3390 6802 2074
6 6338 3809 2355 917 2382 2952 270 8 7069
5 5068 340 1832 8629 2836 6985 8622 6598 5752
3 8364 3338 1954 3313 3709 539 7032 5508 7052
8 x 5237 4254 6981 4624 4986 x 3350 7794
6 2983 5186 1524 3442 2527 6000 2934 6847 433
9 8995 820 6902 7130 8057 9663 9488 6469 3912
0 4049 3318 5881 5287 x 7301 2199 492 8969
3 6099 1026 473 2093 359 5189 5804 436 2452
7 7738 4539 2365 1336 4501 249 x 1058 2174
4 x 4389 8866 8458 x 8893 6014 5491 x
5 374 9930 7383 5179 3483 1854 8502 7524 9353
7 514 9469 x 4842 7572 5424 1945 5845 9088
1 5849 x 2179 8094 4006 6613 9049 5455 9299
7 5723 7709 6626 x 4006 6205 2846 526 212
2 9887 9916 9997 6136 1896 2291 5629 5793 7234
9 9981 1982 2683 1862 3279 5911 5124 2270 2457
2 3866 5421 5196 7333 x 6149 3080 4579 2316
2 5759 6331 9545 x x 955 2879 9841 270
4 7047 4979 8608 6190 7258 9914 1195 8497 881
5 9564 6378 7106 1765 x 3616 8392 4848 281
8 x x 3340 8223 16 4575 2070 800 1263
