46
7 9013 9491 9241 9135 9062 9533 9608 9551 9526
8 9439 9029 9089 9423 9461 9780 x 9873 9929
5 9065 9892 9971 9036 x 9368 9977 9431 9833
2 9868 9554 9602 9282 9856 9059 9557 9705 9200
4 9885 9246 9783 9706 9248 9881 9056 9565 x
9 x 9350 9693 9320 9831 9349 9351 9214 9816
2 9689 x 9586 9968 x x 9163 9456 9719
2 9413 9735 9345 9663 x 9233 9553 9005 9036
1 x 9491 9220 9772 9962 9745 9684 9096 9895
9 9657 x 9067 9754 9654 9046 x 9262 9026
1 9884 x 9495 9610 x 9770 9926 9981 9972
6 9688 9036 9962 9004 9629 9264 9364 9188 9960
7 9571 9356 x 9283 9360 9278 9685 9372 9925
6 9930 x x 9550 9859 9235 9256 9370 9374
4 9105 9123 9710 9178 9369 9414 9182 9874 9269
0 9315 9962 9970 9415 9343 9364 9895 9933 9383
3 9075 x 9138 9217 9173 9583 x 9547 9612
4 x 9810 9823 9042 9145 9215 9394 9287 9906
6 9557 9571 9171 x 9173 9991 9747 9915 9708
2 9399 9601 9885 9156 9340 x 9664 x x
8 x 9673 9147 9612 9930 9818 9566 x x
7 9847 9337 9677 9818 x x 9330 9010 9760
2 9669 9946 x 9525 9342 9153 9198 9445 9449
6 x 9278 9441 x 9420 9716 9761 9352 9336
2 9859 9948 9141 9720 9927 9034 9598 9447 9355
2 9709 9576 9155 x 9507 9010 9074 9576 9721
3 9442 9348 9037 9504 x 9030 9007 9508 9478
7 9464 9924 9267 9603 9253 9508 9048 9623 9504
8 9656 9537 9256 x 9764 9067 9575 9252 9357
1 9961 x 9884 9698 x 9322 x x 9694
9 9879 9642 9445 9175 x 9398 9951 9699 9372
0 x 9194 9149 9194 9051 x x 9874 9921
9 9642 9487 9985 9217 9138 9675 9785 x 9236
1 9034 9310 9952 9205 9891 9916 9073 9447 9674
8 9539 9534 9733 9386 9721 9844 9657 9499 9346
5 9341 9660 9327 x 9423 9085 9338 9562 9226
6 x 9959 9235 9171 x 9319 9840 9668 9189
2 9517 x 9941 x 9094 9507 9459 9248 9995
3 9879 9874 9450 9071 9327 9770 9365 9683 x
6 9675 x 9613 9024 9374 9792 9425 9897 9369
3 9860 9420 9074 9001 x 9684 9244 9137 9325
8 9997 9095 9265 9993 9658 x 9273 9639 9925
4 9412 9122 9809 9300 9722 9741 x 9739 9494
3 9255 9972 9324 9836 9039 x 9162 9463 9952
0 9536 x 9259 9903 9249 9327 9245 9295 9160
1 9560 9644 9139 9411 9158 9569 9445 9498 9662
