46
1 4221 6752 9331 7999 808 x 6541 1633 x
7 1723 1564 3216 1833 9283 9213 7636 8249 5035
4 4345 9475 8849 3275 1811 4670 9455 4552 x
4 3109 x 3350 2203 3867 5454 8046 x 5221
3 5653 4836 2300 676 2025 1422 5591 7991 x
2 711 3910 2722 6643 3363 7570 x 3223 9451
7 2021 6495 8011 511 9810 311 1425 566 8763
0 5406 2807 x x 1493 x 2526 5013 x
9 1755 2588 8249 2349 2277 1163 3854 9293 6914
7 6955 7330 5640 2555 9312 9515 x 2581 4284
7 6632 x 3570 x 7423 6545 x 6221 675
2 9121 1619 3950 1941 x 2378 9904 40 4876
0 8445 7373 9948 1335 1721 x 3988 5045 5007
8 5938 4056 4204 2340 1723 7323 4499 9039 4801
8 x 5818 9041 7826 8368 7436 8728 79 7392
1 1314 9353 5635 8609 4288 9368 2599 3840 7709
2 139 5566 3784 x 3862 x 9726 x 8037
3 3672 8702 8344 7608 4946 206 2404 x 4124
7 3281 254 2126 2064 6785 1472 6558 8067 4965
7 x x 5716 2982 2834 7493 1666 1821 2124
1 2619 7071 x 8542 630 3064 233 8242 2252
0 6815 6069 133 8830 8011 4126 3980 6416 7731
1 4310 6443 1753 12 2644 3953 x 8174 7825
0 x 3473 8579 1286 7507 5192 9771 1130 4392
4 4231 5800 5523 5916 1091 4008 747 7615 2407
8 6548 x 3322 1982 5417 7244 3422 x 804
9 x 5846 4810 7640 9202 6567 3874 5353 829
9 3534 6595 8744 7615 6895 2969 3826 5836 1498
0 2032 6564 5919 3542 5606 418 7904 9108 1872
8 5619 5592 1415 5275 8457 3123 x x 1701
4 5303 8552 8477 3422 3680 7981 8642 x 3231
2 6227 8195 2246 8182 99 x 664 5966 631
6 1183 2793 4409 x 4633 4746 2342 5673 x
8 9957 497 5672 8002 x 3969 1167 7517 4304
2 296 789 3801 5956 6365 x 3808 6977 7604
5 6062 2972 1033 7764 4758 9344 8907 2480 7731
3 5270 4758 1025 5589 9530 5481 9254 9137 1996
3 7035 6894 9367 9182 8660 8126 3766 4976 6320
6 5903 5774 820 2346 4044 7917 1377 x 9337
1 8520 5342 9974 2364 536 1590 8773 1895 458
5 2804 5200 3753 1685 5323 2808 9542 5765 6212
7 1483 6695 683 3729 1597 x 4335 2708 8880
9 565 4044 5237 2711 x 851 4720 751 8048
7 6680 3002 8065 4193 5745 7099 5613 6216 833
2 3543 9100 2196 5747 6727 1515 2058 1736 1878
1 97 4583 4306 6440 3016 3557 2398 986 1843
