50
4 x x 9934 9996 9995 9904 9962 9952 9941
4 9997 9998 9980 9950 9935 9936 9918 9960 9930
5 9984 9921 9950 9926 9911 9927 9914 9946 x
9 9968 9966 9911 9957 x 9997 9926 9923 9952
8 9985 9917 9905 9992 9984 9985 x 9902 9989
6 x 9951 9991 9984 9928 9981 9918 9915 9961
1 9903 9930 9989 9939 9966 9950 x x 9908
2 9954 9967 9987 9965 9992 9910 9938 9957 9951
6 9963 9990 9994 9987 9949 9992 9999 9966 9959
6 9914 9927 9957 9946 9954 9904 9910 9922 9980
6 9975 9970 9960 9940 9950 9990 9963 9923 9952
2 9916 9931 9976 9955 9931 9959 9960 9923 9982
8 9958 9967 9936 9992 9969 x 9954 9939 9979
5 9982 9907 9972 x 9994 9905 9925 9983 9939
8 x 9973 9988 9959 9925 9928 9911 9935 x
7 9996 9979 9908 9964 9904 9949 9925 9963 x
8 9915 9942 9915 9989 9928 9999 9977 9914 9982
8 9995 9990 9903 9965 9994 9914 9977 x 9914
2 9904 9986 9922 9955 9938 9945 9946 9912 9928
3 9994 9912 9932 9934 9941 9911 9953 9934 9904
1 9919 x 9964 9991 9969 9930 9995 9952 9982
5 9917 9952 9956 9967 9934 9991 9935 9939 9972
5 9926 9950 9944 x 9996 9962 x 9927 9910
7 9911 9970 9958 x 9994 9976 9942 9948 9930
0 9923 x 9920 9916 9902 9973 9934 9972 9923
2 x 9903 9903 9917 9997 9963 9961 9999 x
2 9996 9966 x 9940 9979 x 9921 9996 x
9 9963 9977 9901 9944 9951 9998 9958 9967 9987
5 9980 9958 9916 9929 9932 9932 9963 9959 9937
7 9950 9940 9981 x x 9901 9984 x 9907
1 9972 9934 9927 9987 9945 9964 9961 9921 x
0 9957 9956 9960 9905 9906 9948 9907 9955 9976
8 9964 9970 9953 9950 9927 9978 9915 9942 x
3 9907 9952 9936 9965 9922 9931 9981 9990 9933
7 9931 9934 9969 9906 9911 9949 9916 9962 9921
2 9976 9949 9949 9952 9931 9981 9965 9973 9989
5 x 9954 9943 9935 9975 9950 x 9927 9949
6 9928 9987 9917 9998 9990 9936 9962 9921 9914
4 9998 9952 9993 9957 x 9907 9949 9936 9943
5 9990 9994 x 9922 x 9944 x 9958 9928
9 9986 9974 x 9925 9963 9983 9961 x 9965
3 9907 9908 9945 9971 x 9978 9984 9971 9973
5 9985 9911 9995 9945 9919 9918 9934 9907 9901
6 9973 9922 9988 9979 9926 x 9938 9923 9984
3 9930 9910 x 9993 9912 9952 9954 x 9939
8 9928 9915 9971 9989 9951 9957 9979 9914 9907
9 9901 9951 9953 9904 9901 9961 x 9958 9907
9 9997 x 9958 9950 9992 x 9900 9924 9904
5 9906 9953 9940 x 9926 9995 9924 9942 9912
1 9908 9963 9973 9950 9922 9931 9950 9985 9960
