46
8 6939 4195 7739 6076 7810 8966 2763 x 9569
7 5469 2231 4567 2368 699 7271 5110 5405 5322
0 2981 x 9373 3586 1699 3288 300 8658 7283
0 1233 852 8189 783 6197 9303 9937 76 3240
1 6958 9033 4440 2166 3446 9486 3846 7615 177
9 4158 3551 5528 8909 2669 5379 x 5272 4098
1 7845 412 5459 2723 4789 7622 4123 7800 8404
1 8895 8577 5892 4896 1645 4039 6839 604 7052
6 4498 3842 5763 7063 8802 8472 5945 3287 6458
5 9203 4043 2301 6417 8178 2264 9549 3622 3758
9 8902 8946 8262 7940 6627 3595 6766 7300 9584
5 4071 3059 9304 4329 x x 9258 8570 1450
5 7923 5787 3030 9389 6665 2968 8035 1903 x
7 x 1389 x 413 3794 2387 x 9912 2288
4 2 6010 1369 9244 507 x 2409 7256 4867
4 9402 3355 3555 x 7919 2225 4197 1790 6445
1 x 3589 1209 4696 8871 x 5320 8548 4399
1 7953 883 6462 9242 5125 8010 5376 3855 1369
2 7646 1868 2436 3357 3492 6051 5709 5457 1739
3 3979 5020 x 1978 5442 3252 7102 5514 2077
5 x 2098 4772 7387 5007 5226 6154 2307 5816
1 7793 1620 2596 x 3493 9551 335 x 4015
9 2163 1002 3500 7079 7024 5825 8427 2215 3622
5 7328 5441 5828 48 6760 6387 7806 8283 543
1 1778 6187 7538 9605 3968 7029 3719 9774 9133
8 3835 x 1804 x 8846 6650 x 1870 7065
0 x 5836 7519 7929 4137 9435 5078 9442 3985
0 5789 9351 5999 x 8365 1519 9092 3197 8154
0 7665 2032 7862 5972 8549 1998 8534 x 7885
1 5469 x 6505 2966 907 3690 42 8307 3617
8 1142 7507 4448 1557 2037 2450 9154 1977 6005
0 x 1921 8456 9024 2453 3657 8569 x 7658
4 8744 9003 3938 9983 4118 1365 2974 6471 1585
1 609 1491 x 4727 8169 7492 x 6236 2908
5 5942 6807 2124 3347 2356 1573 6327 4549 5266
2 9992 4416 x 1820 x 15 x 2148 1301
3 5006 7198 4227 6421 4924 4297 3880 5630 8922
4 3644 5106 1880 x x 2002 7727 9955 3051
9 1648 1992 8257 7536 9563 9172 3212 x 5077
9 8538 1962 x 6911 6834 x 1467 x 3114
9 1268 8324 3291 3552 6372 6545 3422 3143 6296
1 7277 2729 463 7159 2665 1866 3123 1442 x
0 7060 x 5406 8948 1051 3952 8776 6205 5953
8 x 2221 x 4076 684 9852 3871 3036 3352
3 251 8328 4522 230 7086 418 3079 6357 x
5 x 1384 9737 8312 x 1348 3913 4039 7261
