50
9 x 8858 4896 x 9516 6660 5254 1379 1011
9 x 5878 4390 7257 3638 2467 5244 5845 8371
6 6829 632 5740 5201 2630 x 196 3371 79
9 7335 102 112 x 1207 1676 8845 9571 3422
8 x 3137 5720 156 5071 3570 x 8451 514
2 2207 2901 4307 6156 5784 1077 3663 3878 8517
1 255 1164 665 8230 3542 832 4114 x 9109
5 5265 4246 5246 6236 494 3250 x x 350
7 x 1349 4875 2168 7458 835 5391 x 657
1 3230 2248 7583 7247 7577 7502 1412 2104 1376
8 3543 8273 6683 6798 1003 6140 2266 8882 8156
1 572 101 1873 9188 5854 955 4106 6524 3485
8 2021 2929 5360 8733 91 611 9043 3916 4846
8 405 33 1115 9742 2815 5361 6830 9635 1028
2 8433 5360 1900 3600 6266 2824 432 x 3372
2 x 6023 6342 5756 8634 1326 4967 1260 5155
3 1141 2347 x 6753 x 4022 2480 8306 8428
4 x 3111 3193 9596 6633 7277 6129 7798 6228
8 3322 2564 4084 4909 4525 x 1880 9476 3873
7 5051 x x 7546 2155 7098 4518 7263 8886
2 2970 5178 570 7540 x 8598 6736 422 3118
0 2246 1549 3272 5053 1400 2564 4744 8852 8156
4 7278 47 7218 308 x 5007 1128 2270 9369
2 6005 9792 3365 5224 3035 218 3911 2237 4955
3 5262 4055 4773 9103 1022 4165 6060 x 6539
4 3345 8006 609 3983 5864 4641 261 5578 3337
4 4022 5264 4721 137 7050 6433 x 5242 1675
6 5657 9518 3342 5439 3579 1328 5579 6067 9426
3 9563 5736 6905 x 3729 x x 1439 9862
3 4786 538 x 5038 1211 7872 4624 9646 27
4 9429 8384 2336 3115 9189 4941 8132 2268 922
0 5027 9070 x 3694 6102 3388 9213 4828 3252
8 7948 6120 7182 2280 1699 9412 985 8844 8919
6 3864 3916 9205 1651 x 4902 823 6601 6997
8 859 8071 3268 5955 6581 9789 x 3653 8419
1 x x 4433 621 x 5052 7951 2341 6071
0 1043 4878 1916 x x 6504 6940 5929 1770
2 x x 5765 1838 3552 7612 7276 3671 4726
2 1723 x 7893 422 6860 2915 8306 1432 5967
5 9386 x 757 5275 2474 4031 x 3325 1877
6 3379 5382 2618 8106 5017 8596 9898 1953 646
9 x 3906 6448 x 3275 4788 86 113 x
4 1949 x 4455 2741 775 7478 6878 7019 x
9 6993 2026 8512 6065 x 832 5868 8872 4171
7 2380 8485 9036 7463 x 6064 4458 5980 597
3 7048 6618 5735 1036 2431 5632 5868 7739 2747
0 211 9148 x 3606 820 8606 6255 2980 2404
6 5021 2025 5806 2904 x 8839 4208 9938 1468
4 6656 x 3121 8542 1646 x 5632 3425 6738
0 4127 2175 995 9253 x 9191 6383 8075 4372
