45
0 9682 9172 9520 9564 9852 9935 9803 9886 9626
1 x 9344 9821 9342 9319 9830 9707 x 9880
0 9085 9850 9439 9766 9413 9134 9922 9224 9872
3 9863 9790 9184 9733 9633 9935 9348 9057 9177
9 9421 9003 9594 9002 9841 9162 9387 9455 9700
6 9046 9410 9822 9720 x 9546 9044 9222 9819
4 9470 9464 9096 9030 9233 9609 9240 9831 9287
7 9655 9400 9498 9818 9142 9483 x 9065 9400
7 9431 9891 9681 9061 x 9360 9537 9577 9116
9 9210 9533 9533 x 9290 9647 9541 9770 9844
6 x 9004 9483 9555 9729 9037 9561 9704 9382
4 x 9121 x 9417 9969 9039 9862 9878 9284
2 9298 9263 9144 9521 9799 9811 9228 9526 9379
5 9648 9786 x 9649 9034 9900 x 9199 9914
4 9864 9650 9271 9142 9912 9498 9624 9589 9349
5 9646 9037 9092 9058 9030 9463 9486 9624 9428
2 9577 9907 9589 9639 9378 9402 9283 9418 9982
4 9570 9667 9600 9542 9248 9961 9549 9394 9847
4 9674 9198 9336 9967 x 9949 9163 9625 9554
5 9745 9826 9709 9914 9708 x 9284 9138 9596
6 9375 9979 9781 9305 9251 9504 9362 9874 9615
7 9530 9858 x 9143 9802 9362 9254 9498 9879
2 9833 9760 9030 9628 9410 x 9643 9074 9827
8 9970 9607 x 9922 9605 9435 9997 9966 9353
6 9888 9482 9328 9590 9452 9124 9536 9750 9393
0 9594 9432 x 9078 9323 x 9557 9512 9286
9 9312 9693 x 9817 9615 9355 9602 9419 9549
9 x 9578 9878 9769 9280 x 9215 9900 9090
8 9521 9195 x 9551 9872 x 9717 9761 9277
1 9155 x 9239 9736 9609 9292 9218 9024 9242
1 9511 9367 9593 9398 9038 9593 9675 9492 x
2 9865 9144 9970 9860 9604 9395 9423 9540 9235
5 9634 9403 9692 9597 9570 9376 9592 9250 9377
1 9530 x 9573 9711 9392 9013 9516 9274 9866
4 9112 9569 9731 9079 9574 9163 9352 9784 9916
1 9693 9504 9204 9299 9941 x x 9278 9510
4 9834 9615 9103 9111 9121 9096 9532 9028 x
6 x 9975 9246 9497 9154 9734 9837 9148 9827
3 9606 9188 9861 9711 9734 9956 x 9723 9103
2 9600 9032 9342 9510 9142 9381 9222 x 9059
8 9992 9219 9113 9064 9547 9988 9903 9420 9910
6 9421 9368 9995 9431 9328 9294 x x 9020
9 9844 x 9392 x x 9150 9978 9101 x
9 9004 9380 9990 9281 9951 9768 9540 9296 9282
9 9674 x 9880 x 9507 x 9546 9294 9883
