49
8 9935 x 9987 9957 9946 9968 9977 9999 9904
5 9920 9989 9983 9978 9987 9900 9936 9967 9923
8 9995 9979 9933 9900 9958 9964 9974 9978 9904
4 9930 9934 x 9919 x x 9939 9978 9939
3 9920 9997 9971 9914 9925 9939 9940 9991 9954
5 9988 9966 9989 9961 9990 9923 9970 9984 9908
4 9969 9971 9928 9912 9931 9991 9951 9996 9924
9 x 9941 9912 9920 9909 x x 9929 9903
8 9980 9997 9993 9989 9912 9919 9948 9903 9960
6 9985 x 9995 9904 9993 9992 9964 9952 9970
5 9908 9983 9985 9929 9987 9913 9914 x 9961
5 9914 9917 9924 9959 9961 9965 9988 9973 9906
2 9936 x 9900 9928 9973 x 9915 9940 x
7 9920 9942 9952 9980 9948 9930 x 9986 9994
0 9995 9941 9947 9936 9995 9959 9960 9917 9995
2 9976 9909 9952 9937 9948 9938 9976 x 9936
1 9921 9978 9927 9955 9970 9951 9920 9910 9904
6 9990 9901 9990 9996 9962 9907 9902 9971 9903
5 9959 9961 9931 9984 9956 9954 9980 9910 9996
8 9947 x 9955 9977 9948 9983 9977 9916 9998
4 9982 9922 9988 9948 9991 9991 9994 9945 9991
6 x 9972 9902 x 9941 9989 9906 x 9992
2 9981 9940 9947 9916 9981 9954 9995 9951 9998
6 9940 9959 9963 9957 9971 9943 9928 9952 9946
0 9955 9970 9972 9985 9928 9947 9973 9954 9932
6 9900 x 9943 9906 9936 9990 9927 9996 9953
0 9938 9988 9936 9992 9938 9938 9944 9913 9930
2 9922 9986 9957 9955 9908 9972 9943 9905 9998
2 9904 9918 x 9963 9976 9961 9960 x 9995
7 x 9996 x x x 9930 9951 9908 9921
6 9946 9995 9991 9986 x 9960 9915 9929 9931
4 9901 9954 9929 9991 x 9938 x 9942 9998
4 9989 9922 9995 9998 9996 9967 9912 9978 9922
2 9922 9950 9995 9998 9908 9972 9986 x 9998
2 9997 9991 9954 9986 9947 9945 9933 9970 9996
3 9943 9923 9921 9975 9980 9930 9919 9915 9919
3 9942 9921 9997 9901 9988 9931 9942 9975 9954
7 9957 x 9987 9996 9911 9921 x 9912 9933
0 9937 x 9925 9969 9988 x 9967 9993 9963
5 9999 9996 9918 9922 9942 9991 9980 9913 9952
2 9922 9915 9918 9979 9953 x 9953 9933 9939
7 x 9915 9992 9996 9969 9953 9946 9992 9943
1 9974 9990 9936 9982 9998 9914 9905 9915 9965
8 9939 9982 9911 9968 9989 9971 x 9917 9964
7 9946 x 9923 9967 9917 9955 x x 9971
7 9960 9987 9957 9941 9942 9942 9941 9919 x
7 9960 x 9937 9983 9913 x 9933 9979 9927
5 9933 9913 9930 9952 9932 9997 9968 9978 9986
3 9918 9976 9979 9928 9952 x 9923 9962 9900
