50
3 2742 x 2707 9133 7577 x x 5746 2605
6 6383 9334 4557 8142 6943 2529 x 3785 392
5 4680 6258 1844 x 9476 1722 7813 46 5572
9 6538 5406 3297 5054 1720 4502 4105 7239 958
4 x 142 1814 205 5432 5205 5595 7621 6806
7 1860 3820 1112 4527 7196 2834 4976 8001 4740
2 2791 4776 2066 1320 4537 3768 1568 457 1489
7 3365 6152 7051 9123 79 22 8235 5591 4070
3 6920 422 8717 1065 7142 1168 7500 x 5280
3 x 4043 1431 6578 7651 643 2877 224 4942
0 96 7593 9275 4060 9118 3637 1138 2153 2635
7 3882 394 1918 9044 2973 6217 5664 7403 633
5 8989 5578 x 6715 290 6465 3423 8285 8035
2 8661 3222 3307 9893 3599 6878 1338 x 6915
2 5212 9799 1953 6997 9336 3499 4227 8211 6390
3 7865 8826 4642 5161 3125 2167 x 6072 4027
2 1024 2821 6987 811 5318 7118 5068 7764 8807
6 3969 8770 6662 8078 3837 3924 6293 1725 5981
3 5127 5109 4148 394 5653 5899 3169 1652 222
3 4538 5725 5796 7455 6475 6351 146 5270 7811
9 x 2683 8786 9899 8797 2567 5896 1911 7148
4 6186 1696 3160 9766 291 6215 1269 1585 9470
9 1816 175 963 4651 9273 2162 9567 9352 x
3 538 3082 8331 292 3568 8485 6188 1407 7846
3 2498 6451 8985 7028 3461 3249 8335 916 3696
4 x 9630 x 3510 4660 1653 450 8167 5282
3 9390 8961 455 2267 7574 7729 x 5378 8874
2 3966 x 465 1834 255 9769 x 9193 x
7 2523 x 6372 9520 6839 1963 9516 8280 6385
0 x 7893 7762 599 x 7809 4937 x 7460
9 3832 9508 5528 8511 2979 7607 7315 4345 1971
2 1700 2622 6515 3484 554 x 543 9293 2907
6 3000 9655 3338 2827 1163 2549 3663 6394 2796
1 6279 931 870 6744 x 1233 9782 3878 9744
6 4154 5836 343 7970 1500 8968 6214 x 8726
8 1782 8868 5194 6251 895 2335 1945 x 9363
8 4469 5583 9349 1960 x 8214 181 7653 x
1 2499 x 3507 7644 x 1171 2458 7872 6585
3 2554 x 6095 1294 3752 1229 8779 7108 6656
0 355 x 5327 9284 x 8739 x 8542 713
1 8389 4636 908 7090 6471 2584 763 7279 1517
0 2558 7392 676 710 x x x 8561 8814
2 1304 x 6780 35 8272 4174 6661 9785 9830
9 3963 3868 4778 9259 9230 6832 2655 3317 6497
7 7443 5743 9246 472 7090 2336 5847 6200 2675
7 693 5178 8526 7242 9579 7265 4346 8686 1789
9 2403 1483 514 2635 x 5310 2375 1263 x
2 131 4795 9253 x 3600 2922 6390 3907 x
1 x 5870 7747 5315 9329 2223 9987 1963 2846
4 3682 7228 5001 1590 7326 1765 x 5294 8351
