48
9 9257 9641 9740 9026 9898 9592 9764 9851 x
6 x 9472 9435 9074 9685 9489 x 9830 9948
0 9689 9190 9551 9414 9830 x 9626 9877 9811
5 x x 9019 9464 9128 9987 9475 9335 x
9 9987 9239 9014 9399 9344 9446 9902 9820 9158
1 9271 x 9798 9794 x 9129 9447 9074 9191
4 9909 x 9253 9438 9814 9763 9187 9164 9547
4 9829 9180 9008 9963 9991 9151 9091 9290 9963
7 9258 9551 x 9387 9501 9118 9401 9167 x
6 9498 9784 9745 9255 9294 9922 9396 9164 x
4 9751 9406 9176 9838 9770 9808 9478 9609 9093
4 9997 9439 9763 9236 9861 9151 9698 9751 9009
5 9235 9444 9579 9647 9483 9192 9387 9068 9445
4 9951 9410 9620 9585 x 9243 9148 9640 x
0 9813 9705 9857 x 9893 9290 9673 9231 9980
7 9601 9963 9462 9567 9334 9852 9725 9270 9259
3 x 9669 9421 x x 9022 x 9665 x
4 9790 9529 9843 9627 9641 9074 9348 x 9125
3 9795 9416 9102 9256 9946 9082 9636 9875 9166
0 9794 x 9224 9497 9944 9347 9004 9946 9024
0 9281 9206 9331 9783 9330 9018 9200 9767 9334
0 9556 9601 9523 9694 9675 x 9936 9769 9148
9 9932 9577 9620 9379 9044 9416 9361 9756 9524
1 9219 9541 9863 9237 9269 9382 9967 9093 9252
0 9334 9296 9314 9019 9916 9647 9060 9323 x
3 9886 9719 9518 9240 9976 9403 9209 9705 9432
2 9100 9728 9682 9354 9483 9528 9890 9948 9183
7 9334 9734 9100 9772 9098 9473 9306 9935 9839
5 9512 9607 9807 9706 x 9538 9305 9694 9259
6 9032 9379 9019 9192 9873 9367 9044 9842 9570
9 x 9055 9463 9004 9636 9244 9974 9977 9811
3 9651 9461 9189 9137 x 9085 x 9179 9275
1 9217 9958 9225 9581 9776 9201 9852 9888 9899
8 9625 9229 9852 9414 9324 9910 9203 9904 9316
1 9516 9791 9769 9804 9965 9287 9977 9355 9907
9 9939 9220 9089 9589 9130 9751 9070 9858 9702
9 9361 9241 9241 9352 9686 9415 9847 9790 x
2 x 9292 x 9043 9911 x 9996 9366 9689
9 9986 9938 9618 9599 9195 9889 9440 9497 9127
8 9819 9073 9417 9772 9253 9914 9097 9264 9202
9 9884 9779 9367 x 9865 9034 9054 9206 9947
7 x 9056 9830 9074 9203 9013 9877 9938 9125
0 9641 9141 9950 9885 9001 x 9274 9417 x
1 9598 9472 9970 9855 9832 x 9605 9736 9369
1 9320 9316 9027 9118 9138 9928 x x 9678
6 9649 9833 9520 9255 9729 9374 9871 9067 9418
2 9398 9170 9440 9881 9626 9723 9858 9085 9933
7 9708 9902 x x 9185 9966 9339 x 9244
