46
2 2272 1069 1463 3522 x 2546 5023 6714 x
2 3768 4011 6047 x 1102 2914 756 6210 5588
3 7051 7231 3373 9339 1460 5826 4301 7637 1536
5 9187 3789 1763 821 735 6832 6623 1675 3297
0 4857 1131 x 5431 9990 4976 7181 1624 9428
5 1831 9411 9772 8026 7112 6158 7260 6220 3279
6 6720 2311 3820 7441 3625 412 283 3295 6288
9 7566 3477 7572 x 5374 9599 9276 4092 9596
8 8620 7866 8513 8936 5045 1317 1917 4368 4189
0 510 2 x 861 8516 9187 6689 6112 6461
4 5398 2932 2553 x 4600 8075 7762 881 7369
0 9811 1180 2931 2112 x 8248 4673 5761 649
3 2104 6226 x 6597 1488 3928 x x 1833
9 5673 1708 x x 7615 8009 1495 5981 7126
0 x 6010 1531 2839 7208 3801 6693 6317 x
8 1733 1362 1745 4679 4871 2843 326 8512 8261
7 2682 9987 4432 4235 3268 8991 9914 5818 9910
5 4732 9346 5219 7648 9171 5355 174 356 2000
7 8768 132 6613 4344 2472 7618 2151 506 6060
6 9791 8028 2882 2715 9080 3708 3483 2744 x
5 8750 8425 5689 6737 90 2591 164 4361 x
0 9557 2062 8120 1250 x 5575 7273 x 3762
2 1033 9247 9626 x 3057 4117 393 6242 8214
6 7916 4582 451 274 x 6614 3221 5682 9954
0 410 8605 7514 3003 3848 2118 6284 970 2716
0 4571 7454 8538 1892 x 1846 3727 2444 4866
8 x 3862 3984 683 6013 2716 6235 4882 x
9 x 8195 2883 x x 1683 4373 x 5913
2 9774 6687 7912 4930 2835 8962 1705 7258 7750
5 x 4990 4144 3414 5433 6012 9370 1362 6285
0 1216 9010 963 9742 9169 9381 1153 2776 7322
8 7421 x 5015 x 3965 x 251 x 1466
9 1086 x 828 5864 3116 4239 8007 2034 x
2 248 6052 2975 9126 1850 5182 4659 7564 6660
9 4106 2028 5716 7345 356 2473 9793 609 9627
9 619 9608 2118 8930 1028 x x 2861 5132
3 x 9542 5391 201 465 8973 8062 8771 8402
6 521 x 1784 x x 8361 2570 1970 8528
7 3919 510 5812 2840 7007 430 5587 6496 6202
4 3041 912 2918 6477 4481 1146 507 3718 3886
2 5544 4396 8520 9528 9254 9669 8771 9638 8897
8 5367 6401 2390 4586 1279 352 5598 6050 122
2 6720 9992 7179 2369 3683 1520 8214 1479 x
9 2477 1247 5878 8128 7368 9183 7125 x 8699
8 628 9014 9089 970 4399 x 9072 6088 5244
1 8144 7955 1191 x 9897 8678 79 807 9889
