48
2 9249 6404 7907 7278 1657 4196 667 88 3715
7 5195 1682 5092 7762 2445 9985 5291 4018 3771
3 9348 1535 6446 7650 x 2948 6129 355 3516
1 1278 5975 8 4192 9188 1223 3358 6159 5697
7 4929 4966 6061 6018 2070 5025 3975 1575 6636
1 2506 2995 7780 x 5521 3160 x 8089 x
9 6489 3566 4379 9511 8656 3135 2776 8599 7397
3 5177 8055 2357 406 887 x 6851 548 1810
4 2903 6918 1203 1819 8631 1645 x 8403 495
0 3292 3880 1922 1029 4247 2636 x 5539 8207
7 8238 x 6869 7499 9103 3177 6584 4471 3914
1 7613 2003 5869 4197 178 6947 6209 x 2064
0 1145 3256 x 4435 8687 4467 719 1797 810
7 5448 9750 4037 x 1828 7871 1848 5035 5278
9 9713 x 1784 x 2502 5391 6122 8654 1648
7 7266 5490 6477 4567 x x 5649 6429 3539
3 5322 3052 287 7049 x 5704 3884 1503 7121
6 x x 7975 483 9153 x x 7846 4983
0 9616 900 1205 296 34 5763 8492 1693 6482
0 9987 9034 1581 3085 261 4176 7684 191 x
1 9202 2278 5370 5038 8669 x 5461 7887 7429
9 3633 5323 9762 4767 9412 6354 x 7138 9478
9 6455 6923 5659 2168 2710 9900 798 3014 x
2 8784 3386 314 x 9096 3608 2144 6612 7618
7 2442 577 1969 8052 7173 2052 x 2418 8809
7 1713 2531 9274 3898 9299 9169 1285 9685 9926
8 7978 2675 x 439 3635 4858 6993 3079 8325
5 2224 6257 4656 9852 1724 7774 8796 2544 6379
8 x 561 7286 5625 2634 5346 3689 2055 6137
1 7571 2125 5497 1244 2791 9210 9368 277 x
8 5207 2464 2873 8790 x 8735 4125 x 1847
3 7343 1005 5881 967 x 4187 7415 5703 5383
8 9837 8095 6196 x 321 499 3555 x 8227
9 5690 5398 727 8741 9022 2346 5775 4242 1329
3 x 871 7289 x 2427 3824 7639 7925 5234
0 x 1117 7005 3329 4500 7234 7890 9300 x
7 6503 9431 x 4837 4335 672 8325 6126 x
5 3313 2019 7386 3538 9635 489 7409 5351 1367
5 6203 345 2444 9202 4501 1235 x 4122 x
5 6955 4278 5031 5438 6701 4918 9815 4270 2853
8 1229 1105 4605 8920 9624 8045 1086 6992 9651
8 3674 8648 1273 1100 53 3853 5181 6770 x
3 1413 1898 x 4612 8390 7467 6527 3297 2393
2 857 9710 105 8156 4929 9358 8782 8206 7895
1 6105 61 x 8169 x x x 9921 565
9 4637 5343 3044 2466 5918 4755 5092 9265 8755
4 2328 195 3985 9351 x 1498 1944 7739 2091
6 4557 8223 9522 2478 3194 928 8050 6688 4480
