46
1 9955 x 9937 x 9929 9944 9904 9912 9937
1 9986 9941 x 9971 9931 9912 9916 9923 9954
5 9965 x 9962 x 9967 9910 9978 9978 9958
1 9912 9968 9955 9938 9968 9941 9945 9936 9932
3 9978 9993 9962 9915 9985 9910 9934 9913 9903
7 9972 9925 9978 9957 9947 x 9999 9924 9954
4 9917 9946 9984 9923 9956 9935 9913 9907 x
0 9957 9948 9914 9953 x 9994 9966 9999 9903
1 9946 9908 9910 9951 9952 9911 9941 9946 9922
9 9924 9980 9922 x x x 9975 9965 9970
5 9929 9926 9919 9913 x 9983 9961 9945 9926
4 9994 9984 9978 9941 9986 9908 9986 9975 x
8 9943 9933 9986 9976 x 9936 9945 x 9953
0 9980 x 9918 9927 9925 9966 9924 9993 9911
3 9998 x 9988 9940 9997 9911 9922 9980 9952
0 x 9927 9943 9942 9951 9984 9910 9910 9971
1 9959 x 9973 9950 9949 9945 9979 9931 9952
4 9943 9901 9928 9938 x 9938 9970 9971 9993
5 9991 9980 9983 9950 9962 9996 9956 x 9906
2 9968 9946 9944 9911 9929 x 9922 9969 9941
9 9972 9987 9946 9969 9924 9906 9901 9999 9915
7 9974 9931 9901 9966 9914 9960 9981 9945 9994
2 9994 9982 9995 9923 9980 9983 9962 9967 9910
0 9929 9991 9990 x x 9987 9961 9924 9952
6 9937 x x 9980 9901 9940 9907 9987 9981
8 9919 9900 9942 9984 9958 x 9959 9922 9972
7 9953 9913 9944 x x 9966 9925 9969 9944
0 9987 9981 9912 9905 9965 9916 9998 9939 9989
5 9968 9990 9976 9969 9909 9963 9902 9987 9930
5 9902 9971 9927 9995 9973 9948 x 9933 9986
1 9956 9933 9916 9969 9928 9912 9956 9992 9930
2 x 9931 9960 9937 9913 x x x 9902
5 9922 x 9992 9919 9932 9957 9911 9927 9981
7 9950 x 9935 9953 9969 9949 9946 9943 9992
6 9912 9937 9990 9943 9957 9953 9931 9919 x
1 9920 9960 9915 9941 9925 x 9957 9969 x
6 9932 x 9905 9965 9959 x 9926 9900 9984
4 x 9981 9968 x 9942 9939 9972 9932 9911
3 9916 x 9976 9925 9960 x 9926 9950 9949
9 9917 9945 9929 9977 9915 9923 9985 9992 9920
3 9994 9906 9938 9954 9987 9917 9970 9944 9973
0 9923 9910 9969 9987 9904 9978 9998 9905 9966
2 x 9923 9922 x 9914 9931 x 9984 x
3 9908 9987 9966 9948 9990 9973 9925 x 9907
6 x 9963 9947 9992 x 9937 9976 9955 9977
8 9943 9974 9970 9907 9943 9999 9937 9942 x
