47
0 5139 1520 612 2220 3319 3981 5778 1632 3568
0 5109 6996 5704 4377 3265 7514 959 4510 1002
0 9979 7946 6023 8225 2641 4443 8483 3499 8023
2 9462 1329 x 2287 3891 9949 75 1118 5470
2 3695 7549 821 7135 9132 2745 611 232 2348
7 2878 6669 930 2755 6346 9187 5084 8804 7966
3 x 3571 5433 9747 7643 4734 x 7612 5744
1 x 4776 417 833 9666 3639 5945 4274 3230
4 2223 6451 x 2768 5501 5790 2400 x 8757
5 4922 2149 4262 9573 5446 421 8839 2481 2519
0 6868 x x 1585 1230 5232 2424 6491 7857
1 5227 6339 828 2513 2827 4829 503 3796 1924
0 1841 6437 8587 2781 9150 904 7447 40 x
1 2214 x 8788 9717 1206 7171 7720 6551 4655
7 5098 9986 1789 1113 x x 519 1114 5864
2 2235 3976 8715 9732 947 2757 1489 3863 9233
7 x 805 481 7345 6233 3830 7926 5338 1086
5 818 7159 6409 1755 9786 4889 x 8177 5646
0 4573 4800 2035 7323 274 2348 7020 9561 3431
4 5185 3055 8096 9979 7562 x 6128 6299 2760
3 83 9301 x 5210 8272 x 3285 8521 7112
1 5208 1191 4834 2740 1761 3472 8954 4602 219
3 7010 3511 1818 7267 6846 3496 1169 9247 5602
0 8146 9175 x 8129 3274 4336 3501 6912 4708
7 3557 x 7935 3456 9660 6500 1930 3409 5811
3 5522 4863 3480 449 x 9041 5598 6253 2994
4 6449 7965 4538 4246 8218 8566 1917 3972 2618
3 3066 441 8138 1284 x 4277 6918 8199 3043
3 7288 1076 5640 1115 3039 x 2073 8575 5071
6 2691 x 2887 4950 4880 7852 9049 8375 3366
9 851 6237 8164 7544 1904 1030 5456 4046 8188
4 9574 3091 x 2140 2541 x 114 5516 9426
6 1173 4506 x 5535 5374 4455 607 3979 x
7 772 791 2440 6735 3826 x 3252 3066 6516
3 4852 9492 x 3947 877 4570 2334 x 651
9 3090 x 7225 795 6470 x 4059 5544 8564
9 1954 8162 2960 8696 x 1917 911 3982 6903
7 122 4551 8934 2233 6486 x 8300 6329 917
6 5679 3689 1069 5267 x 850 3950 349 1372
3 2314 434 9292 265 1137 2964 7155 9162 4582
3 1431 4458 619 683 7260 1072 5950 7061 5864
2 7911 409 4598 1099 1572 x 3023 5964 x
3 9052 714 39 4523 9938 3903 3453 5296 4071
9 3217 6399 7695 975 7935 6853 672 9977 4875
1 x 3283 x 668 1593 9329 3715 2045 1532
0 3503 2976 1007 x x 6248 1826 5604 6733
6 4663 7202 8680 5083 1664 x 3195 1548 8093
