45
3 7516 2360 2677 8052 2263 331 1030 x 449
5 7114 5154 2246 2947 5046 1480 1722 8344 5925
0 3977 2111 2796 x 4262 3403 7571 1694 x
6 2657 896 3490 5629 4535 876 8158 6018 4417
3 x 9315 366 x 7937 8527 2739 4901 4943
3 8899 5473 6951 5476 8653 x 3070 734 336
8 6218 7657 6938 x 986 545 3733 6410 x
0 3663 67 2862 7668 4163 5286 1561 2298 4245
1 5728 7896 2397 9008 3398 9480 9382 8055 6549
6 4063 551 3022 5936 3666 x 576 3667 4348
8 4938 2022 1910 1622 x 2940 845 9373 5640
2 x 7821 4581 9525 238 8374 2420 9522 9019
9 612 2355 7905 1104 7038 217 9698 6744 7294
7 4032 3290 2731 986 558 7180 2199 9669 52
9 4628 2451 4879 9139 1140 9532 3629 2944 1992
3 7409 190 x 3971 9358 8367 1571 4230 2585
7 1724 8890 1846 3368 x 2567 x 2751 7261
7 6950 6575 6503 6165 1102 3676 1086 6992 1900
4 2027 9513 5828 1567 9444 x 7703 1595 3668
7 x 7752 3391 8753 4436 1039 x 9446 7319
5 x 6317 x 5761 7991 4377 906 9264 1041
4 6014 7109 4462 4693 8493 741 6263 2123 7134
1 4152 6551 4590 9737 2329 2453 x 2478 446
6 6720 2305 59 287 3404 6137 5953 x 4087
9 x 3301 x 5660 9302 5122 6061 2491 2962
4 4602 8671 9479 1324 3819 6897 8340 1031 7099
3 x 8951 4865 559 1702 1470 1725 4155 2840
3 x 6693 523 1568 5243 3667 3829 3667 x
5 410 8622 2527 1772 9327 9392 x 9236 999
9 6171 8879 8646 5338 8258 5255 9118 4493 x
1 x x 4434 1802 4074 3062 7106 2004 2009
7 x 6592 x 4851 1550 2897 6230 2899 3217
4 5124 3091 x 7734 5370 4770 7285 x 9521
1 x 8677 x 416 907 7005 x 1805 741
8 3831 1419 8891 8424 x 7291 3518 6305 5792
8 4739 1467 3625 1034 1859 7424 8349 6493 5984
4 5990 5156 4689 1676 3466 9140 3789 4778 1328
0 6428 8826 8640 8271 1689 5265 x 7475 5108
7 6783 1869 5462 1204 8375 4491 9015 3062 7935
0 6206 1451 5265 2289 9424 9649 x 5970 3177
9 x 6178 1346 6457 4752 9783 4386 8893 2578
0 5438 8718 3786 2689 5919 5888 4094 8275 4777
2 5137 6484 9547 7629 2 2542 7226 3116 x
6 6359 8984 1315 2837 7774 x 8299 4659 5212
1 x 1954 9247 x 3646 6200 6221 1409 4343
