49
9 9999 9995 9997 9999 9995 9996 9997 9998 9998
7 9998 9997 9997 9999 9998 9999 9995 9997 9996
9 9999 9996 9998 9997 9999 9999 9997 9997 9996
9 9996 9999 9995 9998 9996 9998 9997 9996 9996
9 9998 9996 9997 9995 9996 9999 9997 9996 9995
9 9997 9998 9996 9995 9998 9995 9998 9999 9995
9 9998 9995 9998 9998 9995 9995 9997 9995 9995
9 9996 9996 9998 x 9997 9998 9995 9998 9999
9 9998 9997 9995 9998 9999 9997 x 9997 9995
9 9997 9996 9997 9997 9996 9995 9999 9995 9998
9 9995 9999 9998 9999 9999 9995 9995 9999 9999
9 9995 9999 9998 9996 9997 9998 9998 9997 9995
7 9999 9997 9996 9997 9996 9997 9998 9996 9999
9 9999 9997 9996 9995 9996 9995 9999 9997 9996
9 9996 9998 9995 9995 9999 9996 9998 9997 9997
7 9997 9997 9995 9997 9997 9999 9996 9998 9995
9 9995 9997 9998 9996 9998 9998 9999 9997 9996
9 9996 9996 9995 9995 9999 9999 9999 9996 9995
9 9995 x 9996 9998 9997 9996 9999 9996 9997
9 9995 9996 9996 9999 9995 9997 9996 9995 x
9 9998 9999 9997 9998 9998 x 9995 9997 9996
9 9996 9998 9996 9995 9997 9998 9997 9998 9995
9 9999 9997 9999 9999 9997 9997 9996 9997 9999
9 9996 9996 9995 9996 9998 9999 9996 9998 9995
9 9996 9996 9995 9998 9996 9995 9998 9996 9997
9 9995 9995 9998 9995 9999 9996 9996 9996 9998
9 9999 9999 9996 9997 9995 9995 9998 x 9996
7 9995 9996 9999 9996 9996 9999 9996 9998 9998
9 9999 9996 9995 9998 9998 9998 9996 9995 9998
7 9999 9998 9998 9997 9998 9995 9996 9996 9998
9 9998 x 9997 9997 9996 9997 9997 x 9999
9 9997 9996 9996 9996 9995 x 9997 9998 9998
7 x 9997 x 9996 9996 9998 9996 9996 9996
9 9996 9995 9996 9999 9996 9998 9999 9998 9999
9 9998 9999 9996 9999 9996 9998 9995 9995 9997
9 9995 9999 9996 9995 9995 9997 9998 9995 9996
9 x 9995 9995 9996 9995 9998 9996 9999 9996
9 9996 9996 9995 x 9995 9999 9995 9997 9998
9 9997 9998 9998 9998 9995 9996 9995 9999 x
9 9996 9996 9999 9997 9997 9997 9995 9999 9997
9 9995 9997 9998 9999 9996 9998 9995 9999 9998
9 9997 9998 9995 9995 9995 9996 9998 9999 9998
9 9999 9998 9995 9999 9999 9995 9995 9996 9996
9 9999 9997 9995 9999 9999 9996 9995 9996 9997
9 9997 9995 9998 9997 9998 9996 9996 9998 9997
9 9995 9996 9996 9997 9995 9999 9998 9998 9997
9 9995 9995 9997 9999 x 9999 9997 9999 9999
9 9996 9996 9997 9996 9998 9998 9999 9996 9995
9 9997 9998 9999 9996 9999 x 9995 9996 9999
