測資第一組輸入：

11
-2514 16 8495 2144 -666 201 107 1 0 -999 47

測資第一組輸出：

621.09
8495
-2514

測資第二組輸入：

88
5050 7654 6272 -4681 510 1412 -1889 851 -2412 4611 3003 2449 -6725 3179 4898 -5020 2700 -7350 2486 1756 8038 4460 394 3337 -4406 1655 -3902 6400 -5279 -6930 6339 -6000 9451 245 2192 6619 1012 9553 -169 5779 -9232 -1379 1439 3279 -6376 -2537 -9541 84 38 6383 -2852 -6105 4283 -9472 8327 -2125 4864 -3121 3009 -5223 -2762 -6771 -8014 5781 -1872 4793 1182 -2033 5398 270 4059 -2458 -5915 2497 8228 5607 -8045 6920 4016 1717 -403 5220 3091 -30 4941 9198 -7733 1411

測資第二組輸出：

677.02
9553
-9541
