12410
39385
14160
-1
17815
22325
-1
8185
14050
-1
-1
9150
7230
30955
-1
-1
28300
18355
680
36260
37535
14845
36550
22340
935
22500
2430
32725
23215
37860
30225
-1
32940
30745
33875
16915
35290
8130
14045
2065
38025
24110
35520
36680
24780
34425
20050
-1
-1
-1
13390
2610
-1
36660
11485
-1
23375
16840
-1
23630
-1
-1
6590
13170
33075
-1
-1
13880
-1
38165
31700
30730
15385
40000
15980
23445
35725
-1
11445
-1
16270
32655
23160
-1
23430
14090
29055
11660
4100
19785
-1
7030
-1
32365
18015
-1
31840
28035
11805
27445
