346112845
272906780
51875615
134310090
107210250
76224300
43301755
136373980
-1
107829550
379140015
-1
-1
248619510
349746910
201571040
157189355
83440945
333653360
187318175
366175905
119960775
-1
289503405
98595270
210596630
-1
379573835
151627250
224634535
98412550
228217750
296565980
-1
-1
170998165
139777370
-1
323967745
152120685
265377220
84333315
104499280
57009715
257041880
-1
-1
262977235
323233940
345063610
348225355
123720170
24021285
-1
77666710
101607340
203350685
60764060
173602700
351625995
-1
215283285
361535250
288123360
293786975
200052720
383536410
185598960
-1
320633245
-1
261585520
329672750
343753355
101295555
383612135
225210410
221691240
283089575
-1
371731700
187655275
-1
219451970
281860815
334513675
-1
346301170
335638660
298497535
127851395
233603530
208420070
250577630
146110980
370604810
-1
210177375
19687300
255178235
-1
326434480
232331315
156124535
220336925
308171820
43609080
246846520
84937430
109576790
-1
150112695
349704495
90893155
162350140
59820170
-1
77505790
43812305
-1
100064615
-1
52414785
-1
375802250
222712825
223746595
-1
148883585
157669895
-1
291452600
-1
102276440
280952490
138041715
9301210
204686470
227024935
-1
-1
26718650
113133630
172531155
179048935
271732645
19146190
383990345
152116560
289219390
-1
40522710
130344035
259020980
47645730
124432870
355952300
-1
31938665
6751535
46754950
-1
377278685
202473285
31155885
389971260
346810250
338102290
177553870
17024740
268874730
312736490
12945100
180502485
349690350
298598775
150686935
-1
244876695
76567295
21522200
135530165
-1
-1
70547390
171732870
144996675
191815435
-1
352790015
250088845
100684635
300260810
324804020
262628345
69281670
177328105
-1
301058385
392927145
-1
360458515
130518950
263890690
286467600
-1
314008965
-1
277826605
283474570
12502470
19325570
129275145
249911410
287628350
-1
-1
374640905
310876810
-1
236241480
-1
234052710
72575535
997340
121057445
310893155
315233085
232918960
381607370
110807775
168660830
314355570
-1
89951890
323877830
383333655
195179270
367753530
31175300
330497180
-1
328585425
282464605
-1
70783575
19009835
130582105
109810935
27503925
65397695
-1
112280135
47218295
160129930
-1
52032015
395960285
-1
309984740
276876335
290983130
333307685
282406380
-1
98154645
-1
48596165
-1
235602020
-1
34170475
114305545
-1
11826620
65680655
-1
263591195
323903025
15030315
251823590
76900185
-1
384361720
88161455
-1
314437925
303069625
226387890
329561270
-1
108583915
-1
116536660
380045810
-1
-1
-1
-1
55937280
79509650
113019160
364394265
399435170
-1
5520325
363328880
25783260
80404045
140758615
280551410
247348225
259752360
231592935
162628665
25870110
12493290
-1
219996940
-1
103747525
301101680
263054145
272879510
72183210
3629560
349715995
-1
-1
101060825
73218785
174878505
335087910
145815995
18958360
288327020
188669750
397180705
362282375
266495710
277088855
344908310
-1
16599335
215489590
75083805
368697795
383406775
259899320
56963685
-1
238780240
163691405
278073635
348397395
-1
3880110
231838460
140445180
218242485
-1
287116895
33261015
348368770
222030630
42733880
200418900
398919865
370776375
88195620
111678605
-1
80842350
305438935
325711990
313379015
286894180
387305000
335538345
278314560
87323015
137569680
107289055
308850505
61854620
348074660
295326110
4243145
274742660
335332760
72460680
375898110
266958385
294333375
129984240
228106960
369065115
253341195
171191490
124177880
167067875
341560
136198560
-1
-1
-1
84835025
-1
117249255
373434770
277211720
119911565
-1
230723500
112829880
226734535
323843130
159692485
377133225
1896180
151108875
321757865
228017765
8891900
-1
348534000
13869865
110044130
394435100
217629370
-1
345858100
-1
-1
236251255
149209120
359703045
157760975
347017990
64541845
206471710
47902260
-1
396396480
-1
341211695
144742180
-1
209953690
239096495
-1
-1
-1
33382150
109439135
111376905
137023485
148946130
244441360
182430105
295540615
375949940
362759335
287550165
184941555
27299580
321297400
168622560
327326205
-1
152473100
182504265
116320130
-1
290843465
399326550
2860350
278029640
177277490
310833435
-1
-1
100215630
1455040
322754630
318392815
179308140
-1
-1
316005190
276460475
335799400
3239410
160444665
-1
8687085
119123845
9054100
-1
46989345
-1
338903485
278273060
331523340
291105990
76579140
282263595
173526595
130374415
265235035
-1
16787340
-1
343079855
-1
-1
304845390
315613685
202320800
49740430
397054830
-1
154825355
13623130
59120410
-1
4887400
-1
68956470
392175750
188625650
249543545
163041155
86918790
-1
398862255
102546455
126646120
102040050
253616525
292367710
155647605
324406455
284571390
366175245
323062140
264861320
216410040
391033005
80074585
-1
113535265
226688635
207964845
280707155
-1
377223650
157795115
42984990
306593730
293514260
39498285
207603360
236383510
-1
263352095
134554230
238656350
-1
225894415
56989375
-1
22214920
75452635
146115520
113949025
133908655
192260740
-1
54127545
170867035
89044385
103779820
50262345
376424250
-1
231661895
192512590
342246120
155085960
375266390
124612835
269826855
259006020
68612340
154522815
347604560
123491785
112311180
324758090
368830175
211331620
372045960
-1
-1
-1
384093185
392946840
356235865
153092820
32641835
2612085
181286305
15342505
78385235
-1
283203705
-1
363801225
272452675
312958450
201867105
245107515
56494100
317460390
177561630
-1
-1
261273525
165271680
177221335
364190295
47454600
37641450
-1
52136475
362615900
248812770
166935050
9581620
177111160
132033405
233564430
-1
138693625
-1
317514110
-1
288301510
372316025
-1
371741075
251925350
97295675
194627020
155216325
51122640
169338060
-1
225639455
201468230
69340410
294776695
328439605
286135195
318921900
172353215
216348365
397971920
106571115
-1
272164220
214304200
240417150
-1
7418115
45567280
259917525
89727810
-1
152160360
126955000
199274385
302086610
129702000
105183110
145785365
188936470
260521645
146271910
-1
258036690
-1
-1
223034925
285601685
180590395
-1
-1
375081025
112208940
217767160
226123065
217180210
285857125
288681705
133870480
235172175
231025940
388137970
282961100
117101430
129146100
148848875
112915765
313987530
3419225
347981080
170163820
-1
263762820
122276555
275246295
213574440
-1
232110230
338220000
377194290
18774020
-1
225617105
329224160
213595110
396462175
257957770
139309535
-1
67742660
120828610
245508980
362367555
-1
64519260
378599440
-1
-1
289610905
234968285
350004100
63026975
-1
353784300
-1
323978390
66784170
150742710
72095800
89476765
30041350
335780820
5474730
140221885
-1
31690055
294894780
227515045
-1
-1
-1
56202590
331234895
160701995
-1
377473310
98654540
169484270
209147520
194879650
338657365
-1
-1
256687500
5941490
306467885
85632245
374764815
242408915
190705115
-1
294983230
288491230
354885665
38138415
-1
307412255
322904985
305769090
-1
347248360
321791145
338938970
177182365
89092935
190022305
153585105
83745075
247175340
123742975
172269505
354884455
177432795
-1
180838985
-1
170836900
-1
160368170
368473340
63193295
298615105
189779975
187447180
242021380
148393885
290136285
-1
236342745
-1
81219365
1670675
109949270
156829875
199838605
229832025
218519000
96851325
2531035
213194585
251965835
-1
393401720
289762470
348196255
-1
343374280
322361535
14024825
244299285
256860790
214960665
320881385
-1
160594015
-1
74275315
224025280
198121020
221145095
184135485
224207990
291287145
365720960
-1
104684790
123410145
142634340
292626030
-1
302145060
-1
244783600
178326525
200192615
22345060
69357835
175377825
45321675
38553235
3976260
-1
268455020
303287720
87591840
34812600
-1
134806185
79582500
150291210
289082385
-1
289725460
181776355
91469265
-1
176193055
359384275
153485820
378749835
255354395
335270165
-1
-1
286510495
111615705
-1
43722955
214567245
156241990
112997505
-1
343460540
321896760
-1
-1
228276460
118228695
52138225
200181555
245637405
107525055
276555900
18194765
318339935
73717560
368001285
-1
146912290
-1
-1
347775345
307769445
113369975
-1
986485
229466385
313217080
385510050
220654610
23500095
96862780
177408015
87308130
50327050
305112340
374483000
55317325
-1
287838360
-1
9769395
-1
81474665
129952395
122982190
13261245
-1
-1
369605785
215697705
248705395
170729700
197063800
352011465
89706040
173234620
200379900
324197175
317781415
309580960
-1
82413805
392584070
-1
19325935
57460120
198090510
-1
52146165
-1
151252695
-1
200314410
372509450
34022840
311255695
183942755
241643740
390852175
176789255
393024230
342976395
18277460
199778470
279079235
-1
176892835
49475055
81791850
161257740
-1
