1000
86528207
68226690
12968899
33577516
26802558
19056070
10825434
34093488
582871
26957385
94784997
55790731
68097568
62154874
87436723
50392755
39297334
20860231
83413334
46829538
91543972
29990190
45062707
72375847
24648814
52649152
72441464
94893452
37906808
56158630
24603134
57054432
74141491
94852456
6092912
42749535
34944335
3932751
80991929
38030166
66344299
21083323
26124814
14252423
64260467
30718831
58287493
65744303
80808479
86265897
87056334
30930037
6005317
53959262
19416671
25401830
50837666
15191010
43400669
87906494
10011188
53820817
90383809
72030833
73446740
50013174
95884097
46399735
66235576
80158305
41418875
65396374
82418182
85938336
25323883
95903029
56302597
55422803
70772387
87306163
92932920
46913813
13561007
54862985
70465198
83628413
21385999
86575287
83909659
74624379
31962844
58400877
52105011
62644403
36527739
92651195
69432805
52544339
4921820
63794555
64958419
81608615
58082822
39031127
55084226
77042947
10902264
61711625
21234351
27394192
38943698
37528169
87426119
22723284
40587531
14955038
95901825
19376442
10953070
40493862
25016149
37044325
13103691
33231570
93950558
55678201
55936640
50625232
37220891
39417468
23542056
72863144
77259088
25569105
70238115
34510422
2325297
51171609
56756227
48261763
91107774
6679656
28283402
43132782
44762228
67933156
4786542
95997580
38029135
72304844
4334506
10130672
32586004
64755240
11911426
31108210
88988070
39420918
7984661
1687880
11688731
98095175
94319665
50618316
7788965
97492809
86702558
84525566
44388461
4256178
67218676
78184118
3236271
45125615
87422583
74649690
37671728
60576912
61219169
19141819
5380547
33882534
66742882
50282344
17636844
42933210
36249162
47953853
32885256
88197499
62522207
25171154
75065197
81201000
65657081
17320413
44332018
69702518
75264591
98231781
60858192
90114622
32629733
65972669
71616894
79600532
78502235
51060880
69456646
70868637
3125613
4831386
32318781
62477847
71907083
144553
25791700
93660222
77719197
7117651
59060363
37972900
58513170
18143878
249330
30264354
77723284
78808264
58229734
95401835
27701939
42165202
78588885
25340957
22487968
80969452
95833408
48794810
91938378
7793821
82624290
65425025
82146351
70616145
96223893
17695890
4752453
32645521
27452729
6875978
16349419
36856139
28070029
11804567
40032476
56670713
13008001
98990066
66226276
77496179
69219079
72745776
83326916
70601590
35645502
24538657
65074938
12149035
90324399
58900499
94735244
8542613
28576380
43926731
2956650
16420159
29214687
65897791
80975750
3757573
62955891
19225041
33343649
96090422
22040359
86651794
78609476
75767403
56596966
82390311
14986082
27145973
9015151
29134159
95011445
45751306
93378612
12178267
9836764
13984314
19877408
28254785
91098561
99858786
81097369
1380077
90832217
6445812
20101006
35189647
70137848
61837053
64938083
57898226
40657161
6467523
3123317
10751789
54999229
1809325
25936877
75275415
65763531
68219872
18045796
907386
87428993
67100526
74570645
25265201
18304693
43719621
83771972
36453992
4739584
72081749
47167431
99295170
90570590
66623923
69272208
86227072
21171274
4149828
53872392
18770947
92174442
95851689
64974824
14240916
37929739
59695053
40922847
69518403
87099343
19135299
970022
57959608
35111289
54560614
2669195
71779220
8315249
87092188
55507651
10683464
50104721
99729960
92694088
22048898
27919646
81245313
20210581
76359729
81427991
78344750
71723540
96826245
83884579
69578635
21830747
34392415
26822258
77212622
15463649
87018660
73831523
1060782
68685660
83833185
18115166
93974521
66739592
73583340
32496052
57026733
92266272
63335292
42797867
31044464
41766964
85386
34049633
47426013
1313133
1758690
21208752
43445861
29312309
93358686
69302923
29977885
5780025
57680870
28207465
56683630
80960778
39923115
94283301
474040
37777214
80439459
57004435
2222971
73523337
87133496
3467461
27511028
98608769
54407336
1791445
86464519
25924525
45798449
59062809
37302273
89925754
39440238
86754491
16135456
51617921
11975559
80693133
99099113
73743551
85302916
36185539
90587707
52488417
59774117
21452224
40257089
97784288
8345534
27359780
27844223
34255865
37236528
61110336
45607521
73885147
93987478
90689827
71887537
46235383
6824889
80324345
42155635
81831544
43185806
38118270
45626061
29080027
46335885
72710858
99831632
715084
69507404
44319365
77708353
19933381
72351844
25053904
363756
80688654
79598199
44827030
96348994
69258995
79001291
69115113
83949845
809849
40111161
42017150
2171766
29780954
2263520
18333800
11747330
87469564
84725864
69568259
82880828
72776491
19144781
70565891
43381642
32593597
66308756
85479139
4196828
76565158
85769959
55071180
32996799
76211344
78903415
50580194
12435103
99263702
49797237
38706333
3405778
14780098
9756736
1221845
14342012
17239113
98043933
47156408
62385880
40760283
21729692
68970433
99715559
25636608
31661523
25510009
63404127
73091921
38911896
81101610
71142842
91543806
80765530
66215326
54102506
97758248
20018639
98395376
28383812
56672154
51991204
70176784
35356825
94305907
39448772
10746243
76648425
73378560
9874567
51900835
59095872
63698902
65838017
33638551
59664082
14320775
56473599
14247340
23301712
5553724
18863153
36528873
28487251
33477158
48065178
21243026
13531881
42716754
22261091
25944949
12565580
94106057
26164781
57915468
48128141
85561524
38771485
93816593
31153204
67456707
64751500
17153080
38630698
86901134
30872941
28077789
81189516
92207539
52832900
93011484
56675182
16898399
34729744
96023290
98236703
89058960
38273198
8160453
653017
45321571
3835622
19596304
84756755
70800923
47739586
90950301
68113163
78239608
50466770
61276875
14123520
79365092
44390401
3086707
83331068
65318376
41317914
44305328
91047568
11863645
9410358
22598664
13034114
90653971
62203188
41733758
2395399
44277785
33008347
58391101
35409648
34673402
96800350
79378521
85059720
72075373
93079002
8422576
92935264
62981332
24323913
48656749
38804076
12780656
42334509
24472382
56409858
50367051
17335097
73694168
82109896
71533793
79730472
43088299
54087085
99492975
26642772
54884432
68041048
53576044
60104282
75914326
1854521
11391815
64979377
22431946
5556246
38040084
31738748
49818592
75521646
32425496
26295771
36446335
47234110
65130405
36567972
73845364
64509167
22729213
33810588
55758725
71400416
45147592
41153081
28707162
93770252
28052230
54441785
56530759
54295046
71464276
72170421
33467613
58793040
57756479
97034485
70740268
29275351
32286520
37212216
28228937
78496879
854801
86995264
42540950
28385257
65940701
30569134
68811568
53393603
67889994
58027552
84554996
94298567
4693500
10164089
56404270
82306034
53398772
99115537
64489438
34827379
32854506
16935660
30207147
61377240
90591884
15036575
16129811
94649854
72345087
24994206
72402722
58742065
87501021
15756739
63239950
88446070
20461581
80994592
16696036
37685672
18023945
22369186
7510333
83945197
1368678
35055466
4195756
7922510
73723690
56878755
46562650
70787605
2894070
14050641
82808717
40175492
96803300
94368322
24663630
42371060
52286876
48719906
84664334
59071730
29189281
64171873
1485369
76616965
21408055
93691196
60602222
47676273
52642700
73745803
72122801
88721411
9534598
84143975
76853058
80726240
76442267
82919793
86812083
80447779
84734736
44295584
22273228
47505571
38396271
20936263
61793830
30935737
43067373
88721109
44358193
96561399
45209739
62890877
42709220
72616574
40092037
92118329
15798318
74653771
47444987
46861789
60505338
37098467
72534065
83419524
59085680
65668445
20304835
417665
27487312
39207465
49959645
57458001
54629746
24212825
632754
53298640
62991455
37293731
98350424
72440609
87049059
98707495
85843565
80590380
3506201
61074818
64215193
53740162
80220342
97889649
40148500
15181826
18568824
56006314
49530249
55286268
46033864
56051989
72821780
91430235
52297238
26171191
30852531
35658578
73156502
69519493
75536260
43557045
61195896
44581626
50048148
5586262
17339453
43844449
11330414
9638303
994062
98277738
67113751
75821926
21897953
8703146
30831125
33701540
19895621
37572796
72270592
83857369
72431359
45444083
22867311
99800742
44048259
89846064
38371449
94687450
63838594
83817536
8095794
62479887
71627617
27903922
16551620
10930733
53641804
39060490
28249372
11802575
85865130
80474184
81647251
47792711
57069108
29557168
13034552
50045384
61409346
26881261
69138969
4548686
79584976
18429384
92000317
80452836
36728068
87430783
40306980
86943831
76942356
28342489
41347111
246617
57366591
78304265
96377507
55163645
5875020
24215689
44351998
21827027
12581758
76278080
93620744
13829327
38059986
71959584
22015671
2442347
95244394
20368660
32488092
30745541
3315304
96106369
38024688
92401440
53924421
62176344
42682420
49265946
88002861
22426504
43308649
50094969
81049288
79445349
77395234
44827594
20603446
98146013
82297506
4831478
14365025
49522622
86059883
13036536
87274881
37813169
1872064
50078598
93127358
8505705
77813918
45985683
60410927
97713039
44197308
98256052
85744095
4569358
49944612
69769803
16302456
44223203
12368761
20447956
40314429
48126600
