10000
6056673
47649116
32771805
52399099
68734051
11927842
6262027
98415155
73319227
8848792
32236195
70710661
77804129
12275775
29750738
60033419
20412105
41248085
63068912
53949976
67443816
59767394
75092631
42959842
81859711
79689460
52070646
6133914
75876415
56383584
22269702
27295229
6684380
48440758
99645963
51441638
4685897
5016158
16036188
57443406
9353670
74141392
54997866
93182284
22329738
88347028
32155214
17501457
4141537
56203619
12222792
38330913
11252662
77845690
36117579
5375165
53377034
67289719
95430781
91297190
39213168
62512300
48319337
9136602
20939077
94389539
21758660
63667495
69408231
72187708
63140721
44535439
20673139
61962067
96001630
85293986
60115399
49609426
5562095
70041152
16158861
12716674
38338011
40109769
53391663
49031480
48541376
86729138
88646693
47936122
8223372
19066016
94135958
22269139
93905021
44853640
75529339
11575805
38072871
6429509
70464142
24852472
46157508
18207494
46082520
65979104
68749226
65016619
11340710
57029196
53628395
86888512
87000647
75881265
14390379
17302324
86262261
33731636
28803672
59161386
49568927
38280207
65905221
50843771
58712300
48143577
56357041
83095427
94725588
12377688
76218300
46722079
89650954
60826754
67003389
8800696
10102534
2165138
64889407
27919600
1322608
80847826
26372812
63673310
16720229
64078926
75281646
82181565
60100942
88936531
96980572
50681787
31299447
22276521
47230850
35559285
4170251
68472720
53984761
30501583
38198817
20205672
3311561
63098160
93890450
22576410
40532399
5310968
34766249
10160998
34249149
28396225
17110950
38601292
89011219
14271525
3132483
47930674
34144534
57036338
95316771
74491317
70292347
9966005
45352490
92334187
40423184
1375171
48603466
94403242
39667458
57664328
23368756
40854614
82957243
15060983
17716102
89578642
54665158
71931769
1722971
88058807
53841155
30559574
28083272
93333172
50062799
70056313
42573636
82648993
50668340
94283515
48571489
61504611
98461275
1693011
76753227
14206624
24271922
47896174
48237587
857822
16010667
52733587
34766886
87375892
72028648
32416499
98242384
34608668
86706026
37978606
58602107
58268703
67726431
82586682
29949286
18943580
53562842
73109946
71582256
41995010
90950968
76983181
81361185
23928277
76140035
22770221
8895982
29094628
15207180
53944479
62794937
55229636
39191738
70861098
72222983
53514060
54396309
88803433
64575581
78810024
83808711
83546995
35420318
49045943
31208055
80138017
21046740
71915428
56800034
68621923
89630101
16863595
18699094
35016642
45710097
26109728
27886298
51330984
57364094
53584503
30620129
37693139
99452821
72511912
24964610
97306488
36144034
27665166
91110653
24565113
9252253
65616641
60970642
67778987
15783880
31878955
87894792
92103642
57477949
55204266
63946331
30111901
39000246
36769472
13194938
54695208
24361550
64501881
64313915
63685777
13236334
44633711
89464679
16334854
75277588
84793435
89734331
82150798
44054248
80188175
62818723
46869485
67715617
91756793
86824259
50448564
89490686
3075394
16552167
69985165
19228505
59647098
73411610
3262762
5555640
28090966
55554966
87272057
4823384
73185582
93141803
90234454
17799788
26769830
5507040
61734876
58629576
15399589
80659488
93043255
4724264
3860019
89813391
18163681
33413406
62131519
31753080
82987271
25034702
73713639
75764399
97665555
61429465
22809693
29376247
93077964
88775472
38053029
66773781
75062243
83243288
9393576
61248741
45173576
80056843
2288289
44690502
67299085
22398896
34573885
32445194
8966779
51978708
49972088
13403112
7364734
75635240
60586266
54091031
73462618
33142156
43306989
24151811
20674373
67341097
25368948
92151160
29872523
92355850
96717985
38042021
29971486
13988078
14466307
88777527
3878728
75419596
85650005
89919488
78953226
61177021
93143999
79830991
10382403
15717997
41649329
25146880
73163018
32640464
55364279
96666798
90074768
37706888
81363569
56083765
77784822
73235482
44245159
87518865
31605739
81606494
29845839
42009325
34910682
22804134
44995498
51215801
57062467
59053366
29735307
2160542
5804687
53306778
32500009
43981796
18217818
51035807
94677572
94054794
66869013
16637068
27691608
48585605
26912867
32606381
22508361
24951353
10510077
56434395
76755531
77717070
975817
16107808
34402120
32578521
72604832
71731048
54738270
3264052
13500300
87398040
53381997
15328229
69545927
34580373
40379498
3009992
67129451
18502784
85352014
4870014
89873775
84083924
29842102
16686753
78491829
40525872
65876208
89832089
14880264
8117370
3930878
46124036
55609204
139741
93769619
57088598
5465353
92750523
52150414
23709398
84764607
56234665
50936600
94133126
69396036
18376484
46996882
97933607
68332695
18765742
50888516
1851827
13800276
78646529
22822614
86924196
31191374
99276698
22144252
39081452
29013479
21966008
72526339
95925347
44299403
51434866
95904483
78060583
62185506
24617448
80532420
28920492
63881324
35586417
81619841
9392948
94117078
54052932
88997743
12041565
8758953
26359251
96594485
20979025
57705528
23677430
11125042
69980008
49442343
77833316
82451231
43028449
2340382
78196698
62863794
27722722
10616927
50428853
30762386
34789978
65267498
60243904
5609905
87540707
74398246
22805624
49982524
43745158
92594462
18170094
30537241
73781066
75543161
61500552
76759445
6879649
92524078
38145390
1332101
59851568
84889195
88177214
64628810
80959762
5207837
14992168
86351610
8494758
59929015
61530982
52756490
25301366
11639114
35361912
56482991
96153540
83137596
50116385
72536811
51924366
64009379
27953359
57341724
173857
59777576
24879735
22678282
93086301
28944856
27621596
46929976
22866800
85557032
43371195
96617146
59785155
90958675
88554045
35254940
78536776
5877190
73801124
30923710
24623861
3226829
61723448
46999002
47110430
84831136
658136
3439994
6466060
57116776
76484541
49169804
49281804
5403471
10127130
3239354
63930688
59944632
30421939
50956705
59018681
66824900
62771312
38898957
57549348
82704744
95455853
98387165
48802489
45390705
22902053
71837571
2749685
7225245
8699790
1825943
32920938
3375822
58882954
8993851
26122218
49657180
8463456
28840428
58480398
88061894
34914933
6157055
30501144
476109
93220234
74587797
12047001
94257122
82513068
40871962
67864997
18097791
50321759
48586448
25321996
86980425
23651857
49722141
79095222
18817501
44847323
2935520
37526357
60933873
1573575
92698894
67627955
7713467
59267850
37073036
72464782
99067524
58992516
72750515
84756677
62588277
18907751
19633880
96360002
16112971
46900962
54185014
31313645
70091364
64017819
53423614
52658697
80027296
7299330
30355991
13057870
43243068
34056585
26783401
53224322
23989181
30700933
64574359
29368790
85522541
13253265
70397803
90540250
8167129
47471392
30691642
51654013
2514353
15694490
30086900
52620807
52833466
29249498
78475763
55090316
51253416
52031484
82574070
21285033
19264977
76740253
77028620
71903690
11978745
7841953
36879074
52596799
16801201
42613679
33140134
2509507
61453253
21321892
25447577
9590314
59740697
61423428
87551806
51420763
42927912
64857969
23582691
6535561
87645127
95485128
89784594
63280374
68237318
26625932
76280269
18661718
2648259
96815842
64672117
43120231
46344755
98945494
82968496
90732163
36367505
97575004
59680993
72695166
64192606
95147656
91978245
1319768
80590399
4797503
97360497
24288229
37208437
10062493
60268177
67669565
53735256
66226504
64957749
67690093
38226895
99625130
55692938
31893480
52614052
8493886
62975221
20746067
50190852
12746518
93706556
7246614
14790388
77694718
5635034
90987819
41663320
97057555
4322966
39820295
71804411
43113739
42427079
64617956
89742019
59522571
90104721
30621671
31115080
40491111
1925069
49333507
21167978
26126028
37695547
86248834
44137774
6086273
30966999
9240753
26170279
40948983
19077663
33593213
65607225
80532476
30419329
57873510
29456967
8174711
7044154
64690365
43657854
82004204
16383948
93647476
66791723
30813722
27739624
86277641
67201690
28804232
71171740
47879498
58772826
65806402
99330057
3955173
53885281
65462163
14301209
80556755
27061405
32459917
84684641
35997576
50602914
94855202
68692269
81087497
21082009
80663786
70956288
47524800
30654536
70683348
28936554
42899830
14760269
93916093
15578745
68687405
35040463
30473944
98342573
8282571
59347471
19676221
54986549
45294747
56120086
64861484
5959909
92502675
11925437
64953394
13616456
1829637
8390070
67384843
23510483
70500061
56703287
85622305
16921320
51039389
69858274
49872949
34506931
62039280
5223088
83349054
25049127
96098570
45867630
82240248
99447175
69329009
18475162
76826069
21844314
68782312
2762935
40253334
15380399
91005486
30984795
79566537
73122375
66151471
16695300
66978906
15066093
20898895
74868639
74992942
73501430
32464033
50549056
25026359
53396579
50536775
9473560
57979038
7996984
710826
10357642
38971819
70007918
11928749
78009499
61281856
70102093
95165501
94310133
38920818
64351533
9060266
27587322
6213082
69169426
59607314
61195097
8892340
15721149
74966680
61826565
2705820
68847989
73243134
41921909
68258135
41858010
22021188
1258973
77141819
87932576
32219223
14563738
52466040
13719548
98729634
15755590
39561379
18257259
95946663
70716323
62538040
64290848
87599010
18155200
49706486
677873
95455860
71683656
17564475
34810448
28088298
55954666
64699114
79574662
68543265
50646611
42831304
28436470
13772679
34032813
40678929
62200081
52988746
46177823
1784557
17055487
41091172
31596407
13938057
44936789
37568945
95171735
43379637
9577167
81731517
72537233
5003675
52271764
8043942
39184162
15933324
21256553
34176546
91720886
11544404
94530479
7177825
93432605
18344968
14253773
1698794
65499413
63754748
9171721
85062562
25862370
23054298
90009816
82804973
21248369
89314428
30569049
5019689
49470805
32982294
97045822
81116051
32107877
62435515
94301949
81241907
98205153
21973649
54514157
95211725
29273157
44072133
3137661
32052790
25224808
12454924
47285231
55526288
95891385
10044461
98712938
90791057
14813126
94430713
92237387
70555623
94286917
65554612
94729907
87123013
15185556
62385022
71879566
59815176
57926154
50638126
49382788
17205859
21317892
93098941
10963373
18678120
75001917
444603
24174329
51453596
98257587
82479353
8736709
70025957
15616454
63926106
58826191
20574625
79717030
22334484
78583509
74965405
19628163
15519916
47943950
26720687
86384820
10545856
46772613
4178357
20476794
39092208
88527219
15849787
66971148
1039999
55671980
16731254
21291360
20396361
91873766
32404709
4340279
87316896
40117128
2738504
5817140
54246153
84660938
67913590
53345795
66940326
78225707
19583690
39238168
85641010
15305200
13116333
70388294
75940763
15602998
83516681
21671870
971992
43859975
25538798
53161381
60035325
94218035
53513196
45408972
75480565
52828437
5793274
57698586
94646687
97731288
50156615
76811004
52831333
16144438
74135050
12938671
26156255
31887475
70059355
26125147
29108609
68850869
1418372
89450744
74522308
99889539
9749015
30113576
32532492
43261982
56079414
11726481
54163021
2892617
62332481
37006547
67792105
4948309
87816587
53342677
34327437
91922647
2261663
82095592
25954485
31566786
98531117
40380613
11838666
4177929
2764805
78594229
42991645
49570865
94645725
45460401
50125026
90608319
16169199
93835581
18815084
64899755
38905720
64445754
28801296
93409874
88120038
47057737
78062700
2240449
11759869
21230388
91442286
15731784
14057675
48667178
31885874
99646371
12881030
70949738
54576296
10492008
17421096
67671058
89605644
10606915
60621586
85172453
13419707
84533062
2922882
72511966
52195934
75638270
59099546
52126530
14813648
11486352
34525477
26024242
94999737
58902749
94072848
51373360
83489167
28493674
11956622
58329198
73662699
63811650
31121540
50227840
4404797
15442832
9878140
47790808
81627483
18359194
37459910
84733826
94677891
37832788
57139164
26757804
84701979
34007579
81834561
72376333
73891811
48122432
37371105
57170852
25427325
62968638
34261880
6609083
72174274
20647999
58313939
48815380
21132470
723905
46929916
11778972
20812989
27862924
20560876
57750556
61688584
89172412
19183291
11273432
14254195
17408630
63421846
85746550
1735567
94132322
78928992
43298201
71649319
33569825
62797619
13991944
51891783
91913353
14493590
75621533
90682971
80076440
55829751
77192779
14282688
45937200
80967727
38905837
37190784
35914831
11062082
27046245
80137726
95536556
99067178
30935803
75305111
47090220
87739267
7291989
61466839
94486082
77473657
90688837
21229701
5043413
85378674
95809909
75477396
5221174
42731807
16130674
99842526
7799294
70134521
6113399
81697467
12287380
87126090
79358624
89675587
45629843
67517006
20290571
37878453
56252727
55126290
46221848
45263103
48737050
75318129
23698095
8364642
19865731
81388112
55606018
5768831
73345876
94440326
18398840
20314134
79927136
4100615
94581785
131469
26689368
87104137
93160962
44474804
93744955
62498475
20202330
32838264
54931762
107283
73929336
93489833
58503867
72956207
37842137
89313741
68895902
42640326
2299239
20098381
47223188
7309282
87770837
56196118
83804325
89182044
48214923
3263081
3565418
74896188
53715069
9684286
43846462
37362272
87870520
62232886
71309913
254938
64778757
23085426
86822791
32601657
7691174
9091923
6802118
54426907
41875567
7949004
78945619
49317673
44021093
59852506
26919303
95969570
95550944
26390322
84746893
78260390
94611480
23071605
49394449
78699083
7977698
61601107
64445066
31453592
89555875
25200743
29040701
90352001
32895880
32167432
23472604
60404346
58516566
87775348
38775793
98829153
75836503
55365173
597878
10329345
21974896
54622827
11919697
85904113
91748088
5181735
29523485
35499453
27189219
87812925
58236151
18796820
31250902
77419385
92312905
23216815
44734542
90896144
57537447
7150383
33249785
53190884
84285334
21537791
36825376
50755741
63488401
95094760
68076262
35520126
52865592
66919787
73853891
41516842
68324061
16529962
61199302
30441760
74664370
10685446
54401672
83312156
16807677
12486504
19820833
22129740
18769398
36395400
22513567
30077337
88598705
86808145
9500908
6857614
65962343
51370084
28891198
49919082
39882096
75662813
67857778
19429770
84421191
56042784
78766986
43384231
20509042
50422621
19458738
22313308
43121574
60227843
70300751
2660215
75950845
79291845
24852670
37464106
18540253
32803755
71883628
69358841
62228198
62978571
38207807
81557253
83972333
21735126
19031138
68129292
8878591
59725002
75970213
9656864
31970913
20106185
70658861
10213584
71656603
56876538
70041368
32051016
38934901
35826369
81115200
5027055
52685325
37265111
16087841
5471066
60167798
80247996
9403505
40707619
81870689
71673401
88051890
43593121
60966287
23298913
82662316
49544100
74673692
75587587
53360110
9417332
46042717
13660232
32216136
20069314
82763386
51109723
76451369
91207178
63767468
31116813
82074252
72926967
6146537
22697304
45684999
68564088
99902996
85614535
48002775
81321438
75575577
65846144
49641455
52385467
20745257
44343490
65564973
89733293
48188619
65056667
79732279
3372297
80769800
11360235
56663902
89903880
88118826
6690800
71704371
40433062
1230785
38343924
52246292
40445202
10053144
38085407
37280316
32329187
41286854
98411915
12880870
29992043
53056637
56081184
90477547
12973909
97465581
65824113
69160212
62041819
46865817
60018530
89652941
62634760
40009990
37375874
68636413
68035686
68635072
36228308
71393048
79687369
38021923
73785548
33491415
79292281
92106739
91674224
19326620
71318115
85070323
80733439
88224453
6372682
23204727
50130479
17796349
66429983
23937643
77568042
91457089
34308912
55063790
52678580
84064144
97601860
70444931
83696863
13590772
39419494
32457981
34223193
26397364
98601166
77770537
57110352
68607122
29594355
40155921
54306611
23500552
71656287
36890192
47916488
83604310
20996617
9051099
67008498
81871378
85869530
41502158
56549909
8879460
20279164
5059987
62296477
83664452
82684869
86808185
46718507
14623690
38442110
11912292
72694461
75876371
9925745
78058785
42271256
9887839
21250421
73964074
78704568
1746283
26804695
9642947
42255691
74903811
17836063
52556458
89188881
84546286
56324893
63105926
80897879
84102506
38514233
9487572
19851394
66427987
34441418
2839568
10562848
54689304
79388059
15866518
95074196
54615409
77973600
21810815
51219837
13889681
98838807
45756793
61132483
25077210
24582496
75459661
30752620
41948059
18988669
49671537
49668508
16303202
60428644
68681214
66160866
44519920
29267406
76359877
64889254
5834925
12575678
61155000
49888759
95665761
16019473
65693324
57988452
20951360
80796654
7974685
8820662
43587400
89912710
25448922
75695153
45876198
75078472
42164158
88599980
31496226
60672875
86675428
90639993
5982480
46637766
26961780
40349972
34694440
81074657
70830443
28371785
29739257
34221239
67395208
93424927
93140597
10102173
61788585
80460859
59297813
95617142
28759607
53042953
30471404
70088521
6250196
751270
13575374
31137853
17663175
81605841
60442378
79688118
14649647
80710125
57727733
45736275
5021626
85690422
22382852
36148838
76253425
69295413
57429828
4622013
83831651
30604211
89721758
85217698
93633259
98053460
34884503
63742791
63076587
81910827
42817193
82901330
29524489
7736930
39323597
20704785
47521410
13008186
30217702
48371257
73542689
89428297
69610553
47752291
41530420
32687855
99428435
27594232
11165719
32172726
40286163
14162722
91113241
1251838
44942355
51404861
39694412
51026353
1904848
66366123
74833011
16767315
40837732
3716238
58247129
37532754
16313359
29502281
10794067
55857810
9878871
76667585
31234163
67356074
26968919
82384395
25747119
51660689
93631972
3708223
95067119
2335200
34964718
13339138
8511320
88919389
15467895
67376535
25900969
34939750
12504891
54065077
33240589
86142084
68626301
20539469
56957075
28910412
35837538
17833287
50454853
74769551
68214371
64626443
72384839
3821127
2512321
29499982
70128951
7879769
25016080
78468918
52639447
86876454
75952836
9606914
42308404
49404657
24436991
60855259
44266825
49861425
78993219
10398926
11807893
59646679
14502819
37236234
70413632
53631562
47363817
13216468
57458899
89496537
68876518
18890472
49790347
12856150
80082065
49174288
29530407
35654828
3492550
5642840
86858055
85232899
54468337
17369931
51439088
34416978
79114885
56616730
61209869
29392978
26606419
68857105
78042192
157767
81803045
38076072
11546986
44918404
43857868
29806821
49629716
10973340
92178926
56299069
40259598
98962385
31222269
4947053
78730709
32907234
28637627
74466871
35384068
76754776
69649496
5318915
50500984
51242511
86979135
32202431
93891360
82589241
79537148
25534828
81276813
50942280
24110914
92273682
60518204
13991430
77443130
5947205
81691622
93763682
47534874
10291442
3342878
68076858
55006002
75301585
88242484
48777256
88791462
86848024
16495010
19665972
22306003
90137279
91358680
50576675
56180848
14745005
24385093
41963833
44912486
85157877
42270861
41244567
78028541
39453348
33225156
82378186
10557608
5277856
60176266
45158516
55327525
74501987
41584508
87788262
52990205
68936727
89501893
86041779
17040881
77381017
28240267
65839503
72264989
87280186
44148518
4956098
94836457
81707700
88047640
57812866
60167433
75828045
96651264
23065549
46632814
60216276
92413591
70579898
67901942
99404982
43596163
34672853
24313748
15781452
43681197
24430633
67930647
49467880
24280076
43479221
44959065
34311053
85937693
15527163
26046525
68848484
48658557
68689076
86822898
20485726
6195713
2355940
67834709
27887215
78515753
82940650
163085
64939291
22238164
47446816
64085079
52798896
74169530
75218526
40666081
85258345
79498730
68866255
55273361
74355766
14719446
3889620
31571835
72973581
47548131
25246422
4322089
37333129
29376315
14243053
87825811
9996839
61163082
56769476
40820307
92397898
64949746
34707642
95080421
14195985
29478277
70937612
487100
29733845
11978692
17457684
40257351
23599380
20529728
21444354
282822
98262726
13633218
41110915
80116474
88666291
46760274
29924784
93390421
49657843
95110943
47266828
86494952
75693759
82923100
81971647
37163320
73042763
32793589
82905084
93836461
35857305
66389306
18235902
89198865
4652797
54518837
70705458
9393250
58618292
36773679
59622055
86876920
7481030
53912214
18199101
14490074
69105818
79409048
59166971
29920966
69657567
180935
43777184
18183693
81959318
30869438
78640606
67291
15278522
61599434
81340582
98392602
30152743
17498057
22883455
14815825
59058026
46686939
94357297
53794458
83348228
9615445
77342429
46720246
18277528
34048115
96134601
81684588
66283508
23080730
18690585
97726965
85982136
87862173
73003902
47726846
70478204
34702021
83681824
36165420
5262361
54592084
18884053
4062728
66149020
51089979
8438814
89439958
68711766
64286745
19256647
23562659
50580016
55343179
81238716
72012042
3892904
40362829
12923201
812934
99984784
12615837
55253198
87706880
24149746
21460284
78179401
35282014
13475559
18843286
6187916
63420214
25232994
81516121
69209419
23457690
23510775
73491559
84754331
58169466
48364796
64809996
4868190
52987784
50572562
94868555
43463183
82276313
99040770
5900934
84262631
54074436
6184324
98292036
60809929
60130626
68296761
35149284
70539850
39068174
73053393
74310577
5169685
73596390
24744587
66167952
77158380
63810672
41695212
11368504
3942241
79963313
99418249
4671931
36521507
11772653
92575761
68915081
7400698
60842961
74700340
91361587
65027386
10205807
69603234
54698142
19647634
53862768
35911011
2049400
83770324
28690071
54683909
8003460
457757
85407687
74333359
80880028
25636907
22926430
99814025
41188395
72654359
47318912
76419884
25565019
24889005
76739327
87336164
41114144
2898390
47693219
33763451
54613383
22873546
52496561
51378452
13164988
94481420
79351813
14626504
50251324
773413
24553486
82534030
53314184
83156396
32949493
24528606
97469957
58997914
68070360
6790563
72024374
31595475
91975325
66379406
58627997
46035665
29063828
34983172
161129
93432496
74134243
42851089
21766016
15077570
88504630
10137400
95844359
69807048
95410451
72321722
90590794
10423640
23562240
34063526
34324448
13753696
78439006
19857552
48542369
33895943
23254185
27020257
40786882
97952842
51892497
80090398
69771991
37526522
56256619
84467096
24912215
48677354
77217084
46556620
57754174
47761953
32208846
12292182
59889143
49592570
1490681
75756514
443056
79235709
27994967
288809
96036066
15575076
48181096
92547026
46164592
21261233
75603836
13211105
17825392
13437189
19223088
86471994
91643393
70600729
36207309
21146092
43601101
27344962
39029173
26289622
26641002
20616649
78787564
18857840
48367694
1982708
46501337
4692617
56130812
77182878
16282428
46797578
65377428
19298997
58434759
58140852
42343044
25979120
1496053
42858382
18794193
56488368
61819115
52546057
4493388
87019788
17753270
33113072
34332733
78434119
68859052
62869911
13400527
69050979
48379308
66880717
95463829
53624902
94608549
80985634
5975024
80846697
48672101
81672075
51065102
12583494
62695745
13230116
4293540
42068949
98141969
34376638
85502059
89832014
57772577
62438693
47444581
25205581
54348244
39150537
43880157
59834230
77171343
57505759
93419930
55764733
71041603
68114994
13915148
46946586
10058114
64333159
39892644
15318306
20695403
79439362
32996480
64884493
5866087
81659633
1179663
96160356
35787332
64817484
20445529
69080226
87204034
21364758
76994538
32879183
89178091
408110
41896762
26792073
60596524
97452895
22085679
96452870
5072070
81034907
22024816
12758457
96650665
61268244
74921961
41191099
95496016
87800175
23121069
90419788
16505300
80199671
71147230
14520620
45784547
38069946
11934439
81384579
87931679
56213375
1386669
96946387
81485264
90513839
6292705
77064612
83598660
48159037
45514912
75769026
82517390
7617467
82582485
9173980
7884299
50209569
79237630
31878884
35035238
81297115
15015225
73497563
48358817
77685470
27255845
3251852
39978951
7133297
32014088
73604488
71541607
13102044
82156746
89512703
25393801
91310982
35803028
80954568
70259216
55685919
92909495
14571403
43816684
17293757
1275665
71122663
82849448
14014814
15968423
16903997
70129247
25871958
2075984
31508999
3693974
45770876
15792708
78010649
16334566
56916952
20647049
57948766
21170264
56840265
1594597
76429857
85496541
22951487
94661108
36283014
23677597
24633426
28551393
76359025
47385852
5403501
45410978
83583821
80510852
70828782
72303378
30818980
17258551
10737473
78719365
57090008
56601197
1144917
89755422
86760422
36284705
61652109
87765571
61881343
96529342
8732904
85320193
77608663
71241700
82882212
70709072
4789783
42907981
90153861
37660720
35514896
93249979
58671792
35183624
57275834
55918939
9689441
84534190
54371999
58778252
86573255
54693609
61952892
54414775
9197401
65825497
23135057
34088482
29914399
44107002
52187584
30717999
4693104
24670953
37767092
38957933
98738356
96146161
9097204
52236044
90477978
99143654
95909110
55558737
91941333
75466293
44173788
23502788
70004075
64177160
43948973
65862007
52199123
20296953
87120855
1790902
50444195
37982790
71472861
1463317
37538128
23019579
76361163
63925000
45633339
70056380
43366309
23991252
50446798
58868829
48626831
25910684
78301673
84686126
20146305
55466768
28423966
20292526
19030522
70292786
52542611
69045976
29835804
10301260
50435513
42861753
21947651
66659090
52476313
75176499
39407159
68788127
92529863
9421483
67644382
3457442
61500901
20290692
80456372
4173191
74101285
35052589
80993907
76275589
88694777
62101336
86998654
26378220
37918490
37114179
88346891
70544432
40285952
58095186
59926213
22369324
19431830
66283717
16711694
14223441
5000525
71294453
25425854
14487891
2554364
26768517
6672612
40141322
3954872
88871675
26326688
54968969
35824696
13201241
35140261
18739108
60207086
86663664
49996082
40274826
12936295
86967539
1618707
65258135
40202183
58579292
88262077
40977426
25959912
91619650
1210729
83512614
72484951
71897829
95330501
68136888
46789332
28602045
43070961
37127966
98973937
70988471
17939104
56907130
99178326
81805602
62851991
46899926
14894208
53729255
8285974
17913936
46635427
2279812
48672820
92154241
27038152
16232631
93052971
85623288
85039938
93318122
45313679
775477
34459032
85726333
74274834
63061298
25787666
17109043
15256076
31611867
9509969
42165183
57006218
98650392
46010559
20118286
8647173
23611301
58774228
25967302
17801616
3436032
9189219
57188076
42847453
47968821
26823834
3260813
96659608
6716383
20538511
72775449
92579964
9334316
23496940
6816463
87135357
60425996
28288435
20677979
32010672
65271713
61400428
87587928
32805622
56059929
93395301
6759989
31089235
42282728
41029525
2507336
88477093
67728603
6826695
68409387
68642417
47205467
58268071
77442015
79847225
96211246
46527030
74678108
31521629
18278252
44559205
66378189
49050764
87138343
76307813
49960628
65019655
9636971
93930197
49869907
54430298
99782107
63741865
24978999
46791583
32023461
43298388
87698433
69055221
1479064
49867796
16526049
26312766
45167121
70619647
53023764
17503187
23974471
47327769
87254384
35539069
29936132
52113989
96132225
70238385
55289041
28149159
80705031
47480908
24735876
90020793
65490877
634565
87860186
65509472
28459280
24915727
1329232
31105565
50672821
28593987
66245200
67352675
76260888
49833068
6311268
7121795
53475067
37446231
81555720
72559595
3603395
81958637
2522082
29631891
44859277
76379595
3192490
13285210
5597265
35719876
47488040
21376529
11340734
94303584
5912525
30646825
56756681
93762937
2744781
4321616
12690327
10930963
14799020
23596251
56903929
54803920
95987027
61017284
97300456
4719084
35230719
70300093
97431290
42708988
55215156
83685227
12789192
6453760
31873045
85264100
54327462
98859756
32326595
26987606
66399907
23256057
42854075
66702020
58293074
62880850
47927115
32054042
33442456
74618666
65035599
56808283
62340673
50261090
3616836
67301906
40601060
44583879
16039179
96390077
48801091
74810161
20340275
27054158
90485032
20967437
94071019
85217722
75268279
81025092
24017277
81321065
30221169
76732928
20380464
59404694
55614986
77094698
54219654
71375278
51518400
13577575
53341536
89253388
81788091
16880190
83076970
14318302
98235082
99766485
87287783
99783964
48580310
79234215
82950314
6230997
9062189
60143283
68026598
25990106
47023037
156893
5672954
16964850
18753908
73942098
63954130
60772640
72730911
53989381
90582394
45675591
11511973
35213182
66423531
99369552
21926554
40315241
18158443
69960394
56918681
86456388
19371915
16412421
93176781
82473912
83595463
42135342
77226754
2260373
50073656
30025803
67937409
65641869
87158986
40650901
82360473
53364252
70256292
18466331
26081588
39155632
27495566
60806964
1053594
15554827
39583524
23260305
56194115
73353662
58540717
18965208
61800789
98386767
59655321
30846140
52708398
45967704
72273957
94206915
93739432
79082929
36821848
66798042
42660214
21392363
5111771
15815320
54381063
21875561
93519761
60296260
55243922
22384296
89959859
25762751
69866849
44331863
93371414
44517295
78405624
26037350
97683231
96885880
64814613
9518996
90138604
95969469
97028914
60899366
38549160
11787601
50637433
78397546
16614310
12061793
42421508
36219012
49797868
7453261
42230513
98328417
60573770
14475854
63800537
72468656
40025897
89843746
24582704
95335207
56405084
12912497
36692663
81323037
6329916
65268630
18004094
40338101
84435792
68571016
23433228
47990009
7992030
92928605
80769665
39364581
87144440
67229217
204080
15356774
82054428
47092444
38168818
64523311
3116787
9661186
45588638
55906009
88837043
13844014
23001977
29796738
94856119
3930823
65105357
15280218
25478558
11006863
67589991
89603096
87820514
30265173
18838285
27841226
2326100
25155710
76483961
68841194
9442001
17056661
84362976
71808919
30485260
94936862
84510690
65383793
27307072
97839292
40256450
42353561
68666901
77139402
67757093
88974062
54164676
57568952
1488423
82312782
57094910
50040397
80821309
78708123
80113848
10236738
61746214
78712880
90866833
51418886
5826006
61634059
60385215
62816607
39543466
54513913
85648544
95998689
97493232
60096568
51819293
15656088
52601105
28489265
59384103
47448030
60165587
88397513
44180419
21603297
24503800
91400461
362144
83203643
46632071
72288815
98585567
6190670
92093046
80556
49334990
21077175
55347452
16111501
3954996
83315490
56373990
95107153
86776473
34143474
88143722
48993102
63353672
91638255
20087100
19415314
44661396
20526307
54123272
10620002
48393576
80159981
91004757
2555144
89059892
38535056
28484586
74555129
86217820
82333396
91256756
68054012
26659485
74320613
4867720
7996401
8695443
18210636
27770370
48246958
51259471
49337304
86908839
67166021
13813533
66703913
19620515
14861363
16429402
25117634
38216093
89671741
91498930
2541430
62676583
96125278
228767
82213970
77564471
97323404
97088180
55241550
51301263
35496020
86723089
62044679
90947682
11160055
23713155
95612881
55534571
83533719
43592063
30033589
31601207
49562047
99057973
17955042
36787797
99991339
97823153
85105520
82638777
71975894
9067771
59624392
6330245
41270159
69834727
8400995
84074464
8925806
16203288
52501079
48119023
23259802
46316586
25805284
95395196
51021312
90481209
70802576
97025412
9915749
75131211
36081971
29321363
50732557
53109183
42360040
35175300
75928001
61499194
1261904
15441925
30105729
66037325
1226302
31238562
91967549
29441367
9227834
66248859
96756654
31200877
46334533
74056561
36170310
13114655
51856906
91223419
69718131
41915756
38378273
18180752
87221812
85339168
7550577
95659599
48922659
52408161
96041389
84450431
58456460
30608915
23482584
45606381
45812933
42649332
62995108
17477242
46232732
64379526
36375093
16790879
49775608
35962964
3205235
51481165
77077544
36902265
1207231
65348119
15287783
35065722
17158874
3433164
15941376
60616834
26713371
64467059
29953330
35375706
86922285
96127897
2829466
42700687
26917366
15166393
34772257
7926749
14365092
5434898
7588544
19574899
14467497
86891449
93867744
69806008
77827502
28874434
63278152
33574937
45793729
17512763
99056178
50232616
75673937
54329734
37322900
34346853
15892923
42381420
25284191
95405971
52595904
55189670
28483558
83347495
57281724
81479649
593896
13069159
55726336
52945674
92640160
48294164
23413353
15649629
28782661
58098546
45979680
58917745
42546357
33193321
20896155
32875045
95283565
70226427
22287141
82832340
16622809
51067401
5508810
99215063
15312809
61309687
80768712
38235884
6078007
54256517
73933543
81246471
33027952
64860865
41718112
42511487
7870268
77484918
60522877
76843671
85327948
99256701
86552263
77146060
11317198
82191424
92006416
36332651
56247691
68596121
8564019
67161879
77305595
37163462
47495507
5117558
80164550
61147091
34760573
12387951
14641842
92450512
90996997
89524142
96596648
82108868
10327787
33682385
24052268
55819182
32852727
92534197
49975653
53721441
65329264
67309479
72674426
38443058
66435404
76116618
561936
16851225
30298574
93639965
26836329
58669543
5630557
73213241
40429798
6134387
72312178
86253074
4395636
56116795
89331840
23106340
26237450
43514460
1833375
16250476
21014834
13431149
29315336
1764500
53600134
41919199
62511898
99717441
50302613
87384533
98448753
97622017
20077051
46164158
39492547
67515707
45788815
51971554
94152886
66886473
38074155
25084927
60660050
26180564
72190231
6037846
83590709
43511315
87208960
74356404
79212796
25680352
70513837
49831467
67149877
42609435
78669121
6383114
94150329
29623176
6236039
49591911
4906295
96827635
19845952
47591137
96437967
31025165
893913
12912342
58925715
44728875
22014269
45409103
23510136
76499138
16692027
93658128
7484821
42636588
76451258
7361559
78752096
1203578
50965789
58820374
27219583
32519974
17325811
60185087
34705815
64197737
30228148
97235451
54112421
42236322
5503436
43335929
78321522
47545144
11438065
37058374
91425910
46762762
61692470
8534425
8000090
16653895
41558156
97875822
61307751
25041735
33805571
26455955
53323373
90929928
22018893
74721516
47649361
18956789
28531466
26391452
14462560
37639026
38660743
79807134
99051563
54917087
82350397
84853012
58953656
78045393
54723239
63764540
57601659
98103723
84398254
75937109
19459796
56647497
44275563
55197905
73738740
19306608
32353408
71660561
96522273
95125875
53805531
46850440
54823493
79206361
11471794
65752867
83551434
88530598
67631465
59424766
2174649
97565675
90366423
42572984
35416812
89951457
13558109
79719480
42824702
66723481
37538661
65450397
60837107
7251980
18427045
96176882
78856107
89132464
82458955
51674032
39046916
29827344
62248277
35281422
85572005
2382031
51342780
66788392
20102293
6168014
12956196
56217662
30952456
48475261
43007820
97102940
71675893
80168970
66882895
61749389
36835527
94218793
57528055
90167181
34732334
7280438
63723824
91372593
89828668
32642575
43856551
62432506
76365363
61694889
2977463
96264412
45455837
90131756
24582037
92141970
62254300
59378850
8890318
96102875
2461928
56550101
78183223
65503433
73385816
66722008
63969197
42384493
33812577
86196427
87185164
33716139
31451517
30377939
51882174
99787415
14511707
29678663
46836445
68244528
60542173
46684588
24605824
62150572
80025888
34684375
73966776
39905246
86127472
10889364
34067228
91829979
30404561
57777568
37300479
77924266
37610741
40082333
89659042
79753893
42798754
36982780
75942313
92899715
26533503
66515810
3444339
44342582
71825899
87853345
53378071
83030135
26135138
12130475
6280360
51974148
15488986
55294719
89121745
12914812
99219217
66740258
60834615
32594085
86099865
97571149
46083420
53400593
90160535
21726760
68509264
34828179
12710368
56494798
74551483
37746780
31085286
70498984
43080952
41026185
83471947
10709864
41599711
12567764
25132496
86523374
72926540
47882648
58331356
24222833
44329244
91968515
56060185
95723971
19249023
47286652
32960830
96331668
74258376
45796179
78598985
13649420
68803949
30425574
95145354
51643789
32663728
68920434
37937557
78099402
9820352
57420770
85681050
60131518
94236014
19594002
81027941
20344977
85089533
82134794
69575373
45064613
965222
40492359
18775649
66485484
28134604
56857492
35084256
10016477
59677033
83260107
34675514
60405603
59746662
4610830
86517720
29722003
98680156
27323386
23749025
91769818
53045587
84612526
80777947
95563853
84321651
33306250
160260
57855892
82121332
97389854
18913044
76683154
83220206
370091
95798616
6837814
83562461
6681102
11497045
20793058
64619283
9548847
66496352
74974247
79896482
65138624
6464909
84340206
32088550
98517164
27324899
94498665
16587455
75254733
51068201
54102583
79429940
17688235
9057722
52842354
7312610
25183942
56495029
50881098
99496016
65498730
25620735
91361438
84301922
82859479
11250706
28809115
48011371
76848750
27224206
18490226
30455995
48793795
36270735
23933967
39790323
93182942
34368434
71314720
81221350
18821943
9641772
35987698
47190683
36635438
438484
65199656
2680404
57911332
63978216
81395063
68121316
69676903
73196027
79658634
71905624
62472193
66604623
39938630
43132565
81956339
18743132
26730441
36111881
585242
30756911
52089944
88344392
49458783
7312361
84406087
75226522
69997259
897138
31067126
32637949
85566253
86980704
29205115
11211479
54548447
2369328
38320672
17995799
61265546
13682012
44475972
81152180
66090341
59394827
1785994
86559149
5698118
87090232
46897451
68804411
63715464
36420153
62749063
81525259
7708925
82303015
80668866
41317012
11266142
7726876
77240677
97613779
64381275
42605907
70502762
52984654
52968066
10530333
37321464
83766786
36325072
29020859
49634311
73542950
32722762
56935757
10099900
87072083
29308047
34969393
2211448
16814723
33278626
67340688
31126144
50198030
20302571
75013664
70587816
22632941
12054536
64745293
56537995
30810265
63883359
88952091
59969453
43886236
42021617
76862891
43427371
1646102
26390015
46482857
79681056
76543304
55680549
85644526
2221061
68808951
95625705
9737345
81680538
66488570
55806425
84383185
57154534
82711528
72629474
33653618
13470625
6214416
66983747
50578830
2798077
97071493
18824296
88380390
38429150
80842398
74755751
63691276
67467065
81001028
28801863
31595615
35835309
89128473
25007359
3161662
9223069
61288867
28636444
49531632
56498325
30549339
39828237
18443632
92902887
50932753
50366359
76318679
9036657
34298137
41960120
63652376
43875202
52766199
59887747
47953610
24391357
24195210
18526609
18102364
20688032
73062186
58399582
59608062
20612645
36311848
36668361
20852780
90334568
31334272
39076721
85812592
28169671
49670971
55298144
12343319
33817300
60350554
81835434
20665379
32722502
46620485
26846665
57193199
42118817
60845170
86375571
51216333
99739721
49172076
42195452
93055264
77035263
63723558
72214812
46356117
2711145
7282079
46349104
56797657
76765479
11968997
72793761
73619843
32285129
19000284
70438138
27182451
83670339
93342584
5626061
95688805
44471491
14990842
15272086
13218518
75478135
49176269
55076015
60902297
43877464
97752261
55137093
95223590
66677097
60538693
41978234
93004427
16448949
33759127
31191483
21811635
48801551
61177874
58110920
81325656
99697294
17619978
34173069
71103927
28146343
12174994
87980527
13198141
96802703
22009730
71884037
44393038
50243921
43753168
69616476
28369959
30134809
38036516
29608686
20367518
19159449
65484686
48640910
93523581
75807979
79133029
56911762
51297569
28420314
20280943
87395582
3303169
8332761
35410770
26941759
41200922
31103886
41198102
29346966
45568005
92913530
87170728
77739204
65220264
55192554
61133228
27093681
65053210
3581410
72192140
54044208
25060522
38893286
6368988
68752499
7519421
34935368
58506008
25979906
60071196
17424493
93423849
25428129
57655532
69834054
83142911
51110283
25946832
71787474
14725238
44692257
8809332
92026935
95496831
72218605
57733065
58766527
7564174
2332653
60086898
24079200
18189616
46951680
31241179
56134598
8468852
11492582
1350886
43243686
8267552
60354894
31536924
60727630
872970
71178580
93284324
75484304
39160820
16136606
98585786
66679553
82404409
11655041
4832452
25212178
51452737
35329918
40230479
6240014
94738631
76750465
37823415
18059500
83180822
22697196
41155845
78738811
31385551
84909238
10849381
22392950
32777766
35824721
4176330
85920743
95676435
99688581
52686934
7992752
48969529
53697753
9020423
16380579
5732256
63112943
9901495
65303971
62328579
99727895
7339822
37696174
99506587
53313461
93692714
7547777
13665402
44242308
17307572
87639813
45392039
9152317
8183770
75278439
77735743
4325686
3783195
46318319
57941234
44436048
98898556
1646197
62401979
22170834
45928182
84067617
74801417
51509710
79331421
35346443
61984974
54430696
67981172
61217979
78462737
10856592
91143227
84608290
55043908
38024259
70680832
72151042
99719454
15141908
33906779
40480316
74545649
68433514
41118350
52557418
97859300
35847608
97053458
33414213
43797850
33439237
62696046
57179089
83533314
36502492
44295492
52528642
54864293
97325027
84990282
70783859
94060301
43904926
57769944
58859572
68201154
24140376
51031114
22470336
60746431
59768663
81406274
62418591
48789866
7810589
25933369
77548016
37630549
53020721
13290516
97499341
84205622
96704971
9120917
59305029
230145
51472171
96974290
7994607
53367188
46834680
66232795
99297873
16849227
5234338
28027224
64537741
43298489
74564080
39875248
50593147
30934199
64697479
57368980
13917184
47976305
62403489
60145474
18556878
55520289
66071389
33228250
6627861
38993402
44675889
18784234
31770020
49598896
16984517
60553125
37485440
8832632
49290714
28505374
68096911
11525752
40494785
90379288
11061363
75557062
48129383
23931266
33769620
40413247
24615097
2886275
96795178
50465542
31994738
47552063
12493965
3605538
50247084
55104664
10813433
28002494
3870121
18503894
43112559
88793588
8030268
23478833
49067555
84824953
9455549
50066508
42399739
38770248
69614022
98022488
61850668
4954344
34723438
58332957
87074840
7871554
45904353
32738356
64231869
18158054
58669576
11892474
12517664
24157505
38438540
42468337
60619532
33202335
88167573
98203246
65353399
39308266
5423536
52063950
20613644
70837867
64690657
56261830
70914203
30904612
16850915
1083359
79003364
20641016
67215970
80589958
15342685
68622443
91489111
67997017
92026261
18177248
79356452
43425135
33528564
98344807
69494790
74388029
9299548
8130899
99688786
39572714
59645444
87803288
11502661
49985190
62549304
98514150
35078824
3366861
21738936
25403076
68893933
62991934
73744376
34648402
96303931
70458934
63803949
62548271
94473151
38943432
24901705
296031
17241522
95181265
90584685
37561294
10190174
52733910
20966151
55956715
54226518
46177750
85071903
52268748
89671962
39942892
45110189
99999880
56521741
4952365
57844149
74833110
79144679
47190801
21918976
36987778
71179687
10931133
60966408
53475678
40109989
69432870
16791018
35029022
98730085
38164438
67404900
39373887
59242687
79831947
32543716
21747679
17296633
74890015
55971276
44853866
26889530
41957005
93657212
46367632
23743006
59406525
61138365
54688316
38013592
92749571
11106580
93123108
67113145
14437119
1129580
95321887
46183851
50372235
12684072
15078514
45535735
61677166
69463435
49811530
82641063
26660628
3699473
6297259
19277236
88651728
68355850
99088302
32088933
95902352
56505123
42943517
95148674
31930779
2561252
29656697
92127804
86356799
53943254
63775125
69475836
72804037
62398344
97280053
2282407
88370671
41542344
68375786
81710410
57358283
36015688
59266156
98483953
76411050
76075699
6932890
280136
73141264
63055011
35722902
25408970
32050828
10480181
57587661
88729624
58950610
77965958
37327486
11142045
51583313
81881094
28511249
4441551
69227052
5605528
85865000
50227531
26186785
59949769
16798576
84585964
59390023
94706139
5981509
21837272
84425467
2711138
7441198
40672474
60334518
14697720
40348154
77107002
47118058
76109759
21066103
32721984
31465983
17003258
38216942
76318186
56470970
26504871
84260787
74285016
96738327
17726754
44088246
83945355
14018064
13875090
42571611
99784695
44604254
27782916
9986815
48707709
99950210
64960619
77455683
93909312
18631768
2877171
88260251
16290809
81238212
85156931
56790276
86536908
31189188
26409363
64810314
51723196
46365466
10038623
42847094
66296226
4744290
15092034
70487296
96513780
39228326
89367768
64239466
68093922
61249021
63068795
31719834
40147894
14057058
26274231
95498970
44530873
74693037
58916709
91288043
34562858
29716569
93091023
40214890
46547628
33237176
59227705
33535096
37916085
95085779
44094988
56480905
49961390
17224831
42115066
11747447
74663484
2008933
8683
21919982
79061747
37372503
21658176
61152586
38778834
33380881
69839117
24982172
39644050
43098651
25205874
51645212
43380209
53041988
26614214
55026781
62722319
56868545
91510868
41163238
91141989
75011835
63659836
71445080
32724581
43055304
52430985
20994779
21042623
18929487
16239982
32192562
3622847
24092306
9778821
79090542
80178190
59487477
93924348
69985137
93574509
71792463
15457367
53179032
58355236
41717963
40108542
45250126
91860021
25407542
86730391
81475632
85434717
15173512
83330095
24040227
97475563
98582631
94519977
681010
1442567
26635448
41299985
17880057
58396549
94155913
38097666
79095375
29617279
22354046
21522005
62739866
67938140
41421541
43698005
23377006
21337484
93511194
60927005
92558950
25252059
49551091
68702538
70529446
63602794
18740519
42538912
77694338
72514779
48966907
56460280
38346189
64122070
65693066
89352668
77896821
67588519
43824108
33362354
67965797
26184310
44925716
93827885
72152399
96600928
48270167
92769635
54555980
83495401
22383495
26732590
71571371
27867803
50717278
5960567
66236683
49697500
20334321
43401887
98946975
90532346
35311421
96842507
61085845
35743105
44123794
15413361
67930673
33664625
69967340
31722762
73392529
68659271
11852360
84859274
33852733
65832817
89633439
67843613
10172977
49245371
372909
22977692
89846338
84372186
73938844
76393279
67496625
67137148
70727800
3901152
3658562
38778192
10065328
28743149
55938400
34200381
62839302
57498221
60049094
14977197
64429628
89954461
91179099
62153982
74077931
60328183
71587041
1459260
67637639
50063113
65156002
19317297
94209929
58700918
27745031
53262829
96103887
46186105
88086567
40566874
47227501
57660230
73490905
67888186
45933862
69527955
29104337
15457137
74837101
48926473
484415
73915324
57648977
7556777
23183141
25407882
73956711
85577878
76159620
17335060
13819675
71110692
1505601
80207062
123918
25158381
38765976
22855413
43738482
90485865
1660675
55736734
92564128
36831896
54657761
93250168
47200868
33285283
5304199
23717839
82570581
75902589
88876727
41041064
77712929
60936185
70423289
75661239
14328073
26681767
31852781
81161862
34377248
29609436
69169038
60600628
83255303
24660653
10274385
15270672
53879085
34696431
53326907
26375203
12139446
21130110
54297212
92354417
74825422
18374934
34052024
13782551
90150501
90789827
3050049
75848181
1766122
1021557
48772050
11758656
63163425
67450978
57727897
80714888
18887529
38957486
58896345
52353181
43787911
49878910
19176388
97953734
62666522
59414838
61819723
21217405
98442225
42829491
6561639
86500273
80255889
71078280
80246144
74848013
52307438
44429050
97434490
26736150
383728
24270582
58165891
59018894
38537240
22493840
52823856
68001701
99072397
23244429
36115851
55834198
31221966
9876243
19395530
97854657
60101264
31438899
97415940
68367217
87429916
99008317
8640405
48622834
28914902
82861879
25970566
61949055
47948501
431892
76261437
17208182
59580706
83448210
56677174
81275240
61696712
10602055
45339021
97079314
59436
98194202
81264529
1717170
18218754
13982689
90359579
35253572
90557761
94074874
77003268
38663009
70987085
44805822
10772563
963337
74744849
8030382
19420238
43452342
10040872
44732197
59878765
27041233
92972509
56059319
16236817
78959919
57437238
61825465
68342248
57340689
46194890
6815766
76501541
36818600
49585502
91938413
31127325
55218668
20136014
26837197
76259393
69749092
25320074
66468016
34440388
67286168
7095086
87799228
3624449
888209
15119180
8343998
62260130
86300233
81152549
83314040
44223144
86940263
82468577
93991567
24043832
19486898
14008461
51881068
90141003
34826820
29249595
86421450
67227738
82056924
5421811
10367389
95707013
87723312
7166704
53424501
66398022
72483793
15686158
99599627
31748139
5072834
73423352
11118851
87394042
86754721
89073668
21654517
80164023
59740612
67170702
72796088
52108233
63079573
67492472
32950670
73941061
34793115
7664089
602059
43649980
5252913
94265122
14066515
14027560
19029684
57646802
37121138
62714539
2257390
55680142
29911345
85128597
28775693
38283193
72581730
16648187
72179977
99510446
30220111
13576269
73275331
16005574
50756366
85452545
4586880
66700762
66174010
80836980
68501145
68542227
34563268
49725766
13169708
32937316
50288817
64656583
52594296
69792155
26363179
69527775
71445663
13087936
30746299
89707954
20309543
46723977
7197935
57137593
89192762
15655985
63935877
23700141
31556339
87465118
95651576
54145968
29719808
47158999
76338710
73292375
84319558
42052702
47858829
38932595
204355
70348248
71373600
3402335
45398972
45427015
80709954
33166776
5030174
83191135
80280115
29575993
98003057
85242962
54104663
78572147
56700010
57823217
22440429
73696634
44079330
59952473
98230667
30238052
77326675
14111752
92286744
80437023
27156914
94355357
80769649
67001959
60717559
97901926
60668980
60458672
56265171
10399211
95750312
76324866
55560140
46511618
16907800
9792108
95374563
95056845
72683505
17328994
10956181
12496139
45854845
37148519
62733812
84406587
17550510
34901994
55735149
170324
40983876
57455547
86908342
67982559
70546845
67553556
8845417
74203834
71685850
8400496
1093228
77365604
16523773
73209157
96294502
5797819
35126924
3353408
11094200
60014396
85700729
4703866
35625050
88694501
63586214
74352635
81455399
80978591
98252409
40446650
29418115
74437149
90992651
63374825
14186677
75637036
84886814
70086430
63211890
27692805
57578456
75864228
33695411
33691657
70585181
73645274
7043838
48664203
34148675
71378408
14608692
35898817
93487761
87343465
83265506
72697266
88010530
22168155
24902804
62427532
15884338
69088242
43185721
50490335
3423525
98672177
55081851
95313698
79295502
68245583
50863439
60193179
82806435
16526705
70424289
14263693
99023718
5712501
64817219
59430590
68648120
74765609
74014305
69104241
13572340
79727988
65263073
85703523
86646627
4214282
506040
80972351
90376318
39547484
51374293
75207774
17508857
54678693
75499440
29729189
32316856
8166225
28284776
1676341
13380665
31139058
23747027
41466104
72395012
37106982
89480323
88274716
88730451
37884223
29568794
18232509
55885786
43900408
19870847
23475982
3986331
4800940
89268188
73521946
51768504
55864982
88188628
2766603
15509728
14568677
60686168
88015245
64231296
45701389
11351641
99332502
18465127
7714690
28760899
59677356
29607255
30304523
18241799
89369723
48995846
13907311
92389066
58041134
70260808
10950022
66317116
94895571
51094157
74130442
74404413
40355650
5699531
15470302
74299766
94016880
20020764
30879031
45801951
26416178
65038257
60456139
25054759
19455696
15236270
37404702
22622841
18291920
11046954
77036549
76468808
91913753
28913044
32944224
79133389
78770218
79977750
65780703
86666446
78550862
63500822
97345423
31871174
99996142
67243981
69048400
2462800
7101550
51916919
282258
59320418
8550117
3602417
82873536
43434683
72888219
5323971
17285195
10745269
16199337
20511267
98730926
58055331
78649979
62002090
28684170
95633913
74066951
64926215
33174972
36440897
35934584
16460799
806990
12503508
8605987
97583365
78562140
18092174
69392582
72946648
12417951
5925002
39838112
27298901
34076598
29632134
81584049
35819370
83074209
43710005
27870580
25003235
90585102
71997512
16884616
76733390
32194088
31893025
39039188
84369834
20228119
92782397
31872674
12263636
88059405
23588742
92628566
35691451
98726493
14734792
19840130
90028549
97726284
9744412
93661909
35325195
20705758
27143173
58759822
64813333
93812974
25550557
48031860
45152722
89450492
39325405
78820195
38481039
2546864
62770514
79821481
49490647
18880898
22957659
67539271
24720194
76413845
11125272
34651526
61275973
18367900
47734357
87915932
95406244
15662868
15169724
54588539
41531751
45916335
70351006
99237077
25473172
67102847
99983689
21820424
3547516
99746969
83797289
38598823
73366046
14089684
31328816
56255733
21238634
22285788
83633180
38204158
48575311
55269243
75124151
41593756
75519102
66991684
66614836
44339329
96366260
30216738
51646141
43282786
1706369
21524439
29818691
24164331
81239461
10168418
84962373
41590612
14121422
59144717
13299646
10231590
63936550
39722924
29201992
73028146
81407271
50673734
47667820
28457800
46945714
22184775
15062301
40802607
73238490
71048746
89755506
19346659
32279767
59829973
19238460
3690783
62197258
34535161
90948172
26919047
43689723
72200226
73706706
41740009
73269227
45698610
37494559
85089760
15726522
52060112
81115005
65012557
27994495
88284223
63675892
34656495
27581629
93652629
68796148
21753498
64331780
71718255
78081639
86875016
71380222
735687
85915707
93555726
22906186
68424624
41335096
47720340
23807948
21230660
90561647
81087965
97907060
80952060
17592434
15769982
7314579
86661385
1147365
29945556
50784805
49582457
4860389
97723278
79848332
45663269
62740864
35287909
94099132
31520764
85976202
53478785
6274737
78449516
93582558
15966432
81049519
82427835
41925460
32457804
70370505
9882861
74925397
33337631
35109196
84174520
81397738
69409366
15139313
25984041
72367916
56454060
81048035
25304939
1139073
76757525
82137372
4445615
99138885
43992108
16017539
31349886
81136250
12599431
8106429
46074030
28417179
25285697
97498575
50128146
90214502
9438469
65050989
43917252
11519085
58386065
47915571
81001068
18413372
3254666
41544049
24774167
21693076
36508896
32504083
35258221
28288097
18742450
66900249
79074835
24303588
11102314
47894854
72615066
74610305
21353289
47667105
58462902
61523996
40783584
56079577
66660191
70633734
38534812
57837172
90420931
15130585
74343296
27337351
94951008
59130392
1472609
92706022
47226243
38008368
68114826
8026323
91192277
1567404
31820304
96222946
4353070
16501618
40279396
33269017
50647063
43265536
63733819
881055
91050700
764700
69643791
81135038
98734089
84416271
44416644
3636149
44458445
12377898
68546182
87594631
51666688
58542388
64421793
79638575
66769406
30550452
21387291
3868925
71323027
38458269
83146307
58135167
90850806
40455993
53984183
24109724
77990580
89433221
28859466
35458003
31838391
72866577
17303765
74005917
39464576
60498323
87899255
25660457
82602297
54320861
24057446
13951327
99585255
23281963
51530457
95770231
87152482
71982435
69476543
53942472
32940094
61694058
78853750
7153769
19897831
46413451
51046519
34928888
64147596
88920979
6072869
88011510
53270018
60021433
90159334
83203257
15848864
17698904
54902966
8638225
14470104
17228166
72670321
8088108
46853276
64750528
53319409
25256856
87106369
34899814
8930974
6510839
23092242
5182700
93854355
48474746
14168054
35720724
66387815
44969793
2796811
11838312
41013686
80874622
47244957
79500976
40815073
65404398
35709443
36174752
68793619
5051700
55281461
21629976
6571095
7654754
7121629
45106726
96035948
88709224
24591461
43414749
95221064
37714850
77006000
35435238
82241321
86541699
8435216
42860022
92760687
83165294
66256226
38494872
30171051
62661884
14347708
85996941
69186426
31941403
33470453
21891075
93610682
27013010
76939829
85274423
61071155
52428927
23677982
22311197
3269200
88491201
17180018
69071928
21728689
65761121
71297631
96446344
58528159
82205028
61401281
89946452
25238467
30367602
10344402
61760070
16902155
1220182
34648617
92647118
14943968
61181627
91032363
95863765
51658132
9171073
76023081
12950049
61121350
85161345
73976628
3521769
19847493
66282474
46100085
27220559
88248698
92889489
23719985
28781108
83779214
37709010
31110251
56497493
26871472
36911132
47304867
597819
72916216
15461817
18599390
3216506
28750680
3810126
87318996
63384623
60868869
95274027
34437242
87214853
96740034
15416869
502848
182774
51600790
62737785
98312763
90413582
82970749
75365231
96227147
21681399
45412540
83645495
37307685
4667885
17459993
84806748
28571179
35187864
76636078
5390298
37173765
21416070
3474039
39562207
93789896
65266798
41215973
81919662
97817522
41179440
10526075
93601361
83253400
22137450
39934649
99313833
90137903
17607894
92390398
21425894
47734527
60407277
58450891
33505616
57913242
35842036
23719404
71087967
64034990
23777615
34547242
96047982
52131006
46322038
1763728
31504337
54417592
15761536
18346298
37881621
23672944
45659091
14865845
51500439
48389037
43694205
70792365
65859902
81205507
46946734
80608329
28880119
15214110
36769328
2620429
50237457
77102464
60917274
979101
29963181
71332970
84337731
85429848
35589653
40139368
24014716
74168424
17008520
48467093
61966075
41110908
57797557
78078311
90714727
3405914
19294274
19864204
68935974
47509224
37199447
23656890
14653055
34533228
40087893
44287644
32841821
63648586
16065201
59360611
96247121
21200842
13379771
23136112
37517142
88059351
37921944
31681625
52698846
77649767
64132216
11575694
10541041
73449644
4125102
3226867
81667115
14667730
7034054
22051763
16766840
94135510
26231436
36964899
12200698
53491067
26196397
93166434
46330746
61892471
68192686
5259598
95316450
59162184
84082606
2979583
13905766
48346536
8981312
25194414
47299337
37321096
38784420
20239392
98977592
80904079
72106481
86160004
17569093
46834505
68590185
74750603
86790252
24880039
27867636
17839422
89030498
83660061
80587571
48736121
29239563
77069145
10509860
1443301
64237767
67242069
10924404
82582513
43840753
56315791
97900196
14896034
48701810
13182910
94833894
52266283
22199909
70768441
65551112
44438968
28203219
78964301
7322859
74962777
48376288
99313942
32350077
31170913
27329383
36894782
87304293
75579511
34922976
53125523
38949305
98959002
81074996
59075027
52685028
51290633
53436214
56724189
12032836
50660842
90140779
16468711
58237850
51215436
14097086
17791478
93860583
94673161
23478142
67578456
20294518
40332427
14559857
44852931
38150038
65758233
41121367
8133728
47224562
49947495
63702288
96674542
12125328
68531624
64690775
39811976
49440793
86639865
50762328
54318037
8923224
63577362
55583091
20576266
31985738
86049849
29822144
29888281
24329573
81642959
12982103
979806
41611267
25307791
93288243
35486234
2617580
11906868
90699553
69035152
73051274
34506363
51224712
20805222
14535466
6576929
24580247
38636717
2433553
44699175
34995158
80018454
59641481
62580511
36930447
16317256
40954206
34204921
44098051
50020338
12451599
25182480
77260490
500329
70174788
70549214
68820048
77021059
10837944
2752471
47215271
51810687
96835237
81859056
18078057
67491680
46490887
73400315
90219667
81755354
78868449
95746405
65709347
84499203
97864858
11939765
72979422
11830787
38933576
25481325
86035864
32214806
94916443
13631806
25611790
97650642
71584510
56990158
46987673
60448704
50775373
60162680
28533747
74766864
93758475
72031194
96815890
61202000
5248230
10295381
57327840
74157105
47311558
66679633
80523927
38312099
57433378
23244969
72776946
60121514
33876102
72900487
96036092
7385720
65973005
81480838
1622771
98331742
22147723
50681182
17462318
78642860
70032242
96611243
21798190
57598473
23794584
15125331
35422129
14978612
92850603
41770011
76764620
9971055
99635225
29191229
79167608
71115796
5182266
17235699
7695225
24162258
98713532
36058707
34261207
93663405
99093465
36865451
97866583
34761917
98073375
23767065
60756257
41580186
33978877
53329962
72404413
94004812
25284329
61715168
82691994
24535112
97674460
94048849
26097023
66214120
97469481
10490852
10686389
95553148
30007501
30956363
19056173
75273899
14535494
67263171
21895188
78555765
23539508
34870315
77901044
36569612
40514469
19030134
51616184
33677567
53759471
96186368
9780155
32714901
14703698
92877860
26559372
27339991
18458998
66462287
90878390
67291251
59916086
56896427
35374999
19209250
48067022
6227143
30894642
56445834
70989607
79404733
99603268
96108583
54828780
46482874
5925411
38000150
65874535
27738120
47009008
19346561
72085502
26412492
28056503
83044088
80262687
27757296
57072159
47783799
77363489
45449810
30482764
1509704
71221399
19563078
11293533
54841684
93521241
22496491
2373832
68116233
70548670
14770445
36198000
19826363
41621228
15438999
76049453
71277104
49417099
9520508
17117618
36531898
51804546
45420425
30780067
96070016
31477511
14131525
69329023
36554387
53588205
63084807
72855657
14286782
25583186
47085278
97717165
91131690
52453000
81606116
95258840
75414812
98400564
6866404
8973405
42425487
47468186
17204881
65860899
31152043
74383169
26702148
51140228
36621159
86493041
48339246
42451771
95184787
23027778
33490809
25225107
94624421
12952416
55720942
67334909
97892884
41672082
99436249
46969587
76064281
23986628
32255843
34466944
17275338
9265468
95956114
63696544
64094013
92262776
63022876
1197734
15937961
49127280
56346487
59651702
71758541
26715746
20127283
72306653
8386227
90752632
90473175
67111152
77293343
13643569
31608619
36358373
45903399
68412529
32213702
73910504
23133060
35910409
55650068
57488728
83525858
49112017
19317218
68058071
78602362
25811338
88125812
75863616
99583633
61962521
52637020
10113536
93624699
59627623
13076189
60551487
23346633
30885581
82861618
80195351
1468406
69493895
66408294
26908951
81831299
9595618
31395388
43561208
95448569
53838696
28836700
44357124
70942860
98299986
55225
20398976
65544843
51941334
64335789
55271699
44143613
12131255
23404641
5990112
94891796
68117030
5876638
56731294
37519288
20565088
8989796
88417422
70224529
56746616
8389393
16150938
32831363
45234768
93401709
31044840
86398912
84578297
6508731
68906835
29418993
26688565
9058747
36440579
29388927
11724134
52431923
61596496
60462711
39110271
79998828
9538968
1480340
89913936
69265250
92583562
19239504
26919565
38117235
32547394
79399158
56036316
1780053
61024130
49583760
66047187
85435536
7679652
60415676
13798734
30288834
8893058
5990208
11197787
75106111
3133737
10555386
98183208
17124476
19054842
7675978
98118239
33351771
57283244
67761753
3556696
83510826
19748583
69301665
87351368
57823952
11684556
99688769
43018571
53996384
70387777
20378883
73843075
79752680
84496535
63561215
37521814
33236883
66275065
75478069
73253699
8417483
85874208
21560751
32294163
98545515
97691874
89820618
83768954
86677150
69276848
79550224
97568744
22621212
95756182
864923
41977769
69885423
55925381
37331224
69366312
98218682
36458073
64035511
6016870
87575726
2839580
23490034
99788248
65670757
91811958
63464095
36225256
36821502
83770544
20381423
82545488
56564227
98716001
97726838
13329557
13915903
45655397
16959856
32113318
35166400
46166801
56140052
37195363
56915222
57451176
81330883
36221381
37634786
53024845
95162298
27343806
75504317
53315165
50458572
81302117
94393898
54783020
24547005
87090821
47442566
10134216
30349385
53125124
89918854
65904290
66724823
82741610
7259699
20378776
28585536
62566854
41449499
54710722
83550134
8469826
63087926
1365082
95051611
3168231
35292486
80753391
90285122
45490473
79774417
34812235
14419447
56737651
36606324
9322651
14527613
86835523
49117859
8705212
64949240
82219400
63292877
25862284
67109757
96141684
75171675
26365316
87657491
70156788
35941406
6172803
54283420
7670324
93990177
77433313
63488434
17977154
82826330
69694168
3035624
30004185
20717518
96319071
14590859
74729276
91915359
86874369
26124980
54445697
77488565
39817132
55462326
86295931
63539969
59868414
7173577
87005869
57721312
45699814
18466173
81533659
35034538
8499908
17888371
37207367
47258472
19314871
99910946
14778219
84155062
56443396
35885061
35676708
99804080
72344638
86963471
88439457
75322355
27961324
83967901
58832532
89932721
24520024
3562120
55675885
6177694
5434498
8746616
1846192
39750721
2474862
7250944
59987506
374197
95597421
69171244
91226385
32589855
86871601
17322959
88918439
38672963
90920139
3180877
20622242
95285078
38530971
73503648
562972
19688142
32204729
93876869
2213568
19728569
23634235
24369193
76663681
96288167
28639680
1464326
77291182
32048231
94453263
30172055
84424603
20437831
99586183
72596331
95631305
60310189
47555913
58832337
17332362
68258766
24919243
13000947
30826851
70849620
15835296
37927568
76493523
40903604
82989386
18251494
31791562
34028386
79937607
15712250
71294700
51135872
95369131
64733245
73734499
28620965
1041142
62680217
45015435
85566396
91501439
27284731
12760935
60922888
4884251
36711223
23540278
26166233
51202213
18694918
50558305
10050025
59153798
47643844
54273580
47048122
85007812
48473870
40317679
30908893
47301628
49157381
94519239
98271561
4997707
99040256
73974492
80460045
16982697
94081189
39602603
5759339
1724278
39416996
38837533
97186624
64160288
20343054
95606502
35685545
16884298
5213300
98870748
83969032
56864537
25173190
11723504
30998612
38289913
39869548
99880434
10112575
59964020
82438016
2535266
64594342
62829221
73382273
25990464
98415914
31988027
36745539
22364317
47129231
93380058
19380656
11020089
9420930
18608026
66708298
44995261
43039038
81798995
54561251
41931315
24037908
80116751
54283337
79991625
9216964
54747437
15422017
43119179
67633816
19424196
70923252
42706440
16420802
62118211
1428560
96241940
28113507
39753385
37606466
78013058
54117572
19650152
12168070
36978577
2388929
7887516
70789369
14131216
66073330
63014573
64646511
9423175
2971905
34821450
52693623
15076890
52254375
2712364
72403400
61160598
13820598
70881149
17035549
99143254
22463737
13382350
11415385
31367599
20452414
90906743
72439681
87621862
80273663
50919108
68766909
17207648
26902432
59331934
56865989
93501523
9779811
37780197
63979032
15232925
81035861
89723307
1747032
14301621
96846205
83283849
80551772
52503593
63698836
5752554
54257526
10558903
81132089
79681816
42302082
60157226
91553664
61129491
88381216
41869535
54792051
74183103
46737262
64971894
37167183
24826440
54460528
58103244
58375476
35576576
65463472
58256323
58519929
93193431
96765797
71070865
53017491
90313779
11575478
16606490
32754020
17526112
59247437
48072232
75991046
16696087
51138938
61319431
69962644
5363040
95062255
7670391
27952418
23030832
18071148
88708953
82492016
63443146
75196085
63845917
45012542
45136912
24776887
25512206
5967143
59131042
53018894
90468356
26318507
31929627
14302040
1882378
90399233
41518790
56746310
68822147
60585809
22464804
90417212
20460044
13399299
94482784
46628828
48983916
4015356
21184220
50253006
67108953
17336810
83565803
58957856
15364638
84250088
21848945
61425519
25518509
79429850
46044731
40768036
64750308
15352077
17981670
37753341
12680465
91780832
47138417
83465165
99010370
63924161
41606860
32295008
34064589
93452215
55434603
53153895
99747344
38668951
80367980
39468307
52992776
63741307
93078858
13962788
8496954
9798184
39846283
4171195
64062143
10376019
26087308
7791576
34380513
44018408
47333972
29993000
24418088
16368088
78814971
29721319
64000050
24124507
44891868
24204060
37785915
72330532
4550128
57195936
21550564
56228984
78560741
19476614
60244302
92683322
15466449
25520374
99999817
77206088
6770433
59938361
66374581
60263930
46289916
27183896
40430058
67210609
92084903
32349295
94011502
54479058
80624963
14819370
43716025
3299226
27710684
82282533
76130137
62659841
82566224
38205284
41455436
80363914
51137337
1491700
72222592
93769425
82356230
92236820
47103324
75855671
7125491
87201538
93806052
90598152
80721691
58973486
93284367
76949239
84683233
80105727
55652782
63053306
22591862
26064929
4626710
39979465
79980750
93062
67743392
20090411
84720954
80389016
8000414
36684486
55027232
35094280
21896486
14442901
49643213
58808966
24999021
44961566
22114696
78473315
51646938
40731646
79824605
85974937
59597487
18543467
93713877
41804349
64516045
97237940
85846747
68613860
9423872
92531666
21329369
6314061
11994512
72109840
95457316
67732538
44597836
20112653
62233277
42036553
35112089
23910790
7497392
52300142
59020081
27387517
76995124
57914541
37126477
26171762
76379862
61420850
39579819
78839826
40327802
91001321
29078211
14698396
18551869
83027922
44954473
86676825
39077655
18448319
36396711
34123224
132296
26992842
58856088
22335068
91154666
7236453
61144932
4085589
45464096
76913409
20268370
40676758
43134956
30204397
2809187
35625325
34170986
44738154
94125133
34756532
18660291
27156824
39737062
50247294
24164901
69181578
11178564
44659185
20986296
29387942
6528273
9822382
92645747
17774382
45705007
93704374
90979494
41304286
56559585
94932445
41926014
73945207
73567800
465567
26542964
46000215
81063475
61709676
85580520
34895239
54773286
58857510
69174912
42950661
5506165
22537421
4673617
81439471
95052625
41721737
71051685
78974041
57683700
81575991
96602451
40901277
65830616
91431038
16306394
21333015
52740875
90603030
54303801
23385461
27698452
23282972
4979205
6310036
66853181
29295853
64278715
69292996
16966157
79678090
43579830
68584490
91817061
31057062
69195983
77754783
73426794
61627605
21079641
87761151
74135467
77889042
32860749
90421450
65771307
95496750
52028280
8681887
55464477
48148643
60735732
50993463
94918413
32546500
38719698
75097361
36572616
12762190
52542757
60461128
79820080
32290028
82857453
40507261
77094285
60351611
22618446
83349906
80108918
8630568
89949518
54103995
70186333
44844127
63611643
96306982
36718833
88862871
29656347
2117731
41531502
99169251
40819071
98459519
65723406
33792612
95058626
68093669
16001824
86451601
13395692
7869928
9196396
55824525
79709651
68199920
55425066
37084072
38153855
68535008
71277948
21142296
10295217
8567920
51205665
46466424
52818153
73897550
97233231
88841231
13685245
98734949
3437302
92128733
49258769
94527628
49155717
29623003
58829771
8461763
28025866
60383127
12093806
99669690
49013029
66471029
11250021
94979231
49992725
38743026
83086919
80210757
83202251
13411906
62144795
62793662
29885345
75272475
42664574
39802456
23956743
39574367
81090465
99483553
53104942
72664825
23645232
23175311
44656763
68334146
6082369
97940792
20100840
88605278
20693224
77296126
58672226
24683919
31328825
34615346
95777386
70970672
64458181
22429744
93486334
67070095
20548379
81139698
97276213
53249425
40470255
15382048
48583192
63855835
97781775
77317498
57885174
91649163
67287609
28641151
72025392
94710791
57290242
63499458
5919667
66139192
34714097
54533741
22840632
83775577
63179819
13075782
98746965
27413950
27530940
53957921
53426645
94269925
69880379
3923904
61529779
18905854
98996294
16633324
97743632
25277460
6384922
25045397
94022537
48035946
65080772
69884410
46565535
55576363
12896505
12505158
58861700
7210216
41320758
50138475
44481254
99447146
56498396
49849257
36097729
72980140
88950543
5396262
32800639
37419351
48286653
69773712
49015174
19591033
55345236
28687978
5833227
98954818
61984483
36032144
61870745
4714365
92116837
89186947
39896355
64707997
16647075
44770582
33301850
14684654
78025613
65784481
56126144
55211689
18567342
70727869
27279311
53121701
25320768
84361603
1006021
49624323
19387952
27959345
84335086
78694313
59278726
19766968
81948204
69783850
39471359
4188502
2313887
50231605
85779623
37394224
8149255
75778833
26833418
30545002
53408338
3593497
93993728
77234231
90407067
98161520
89156166
35879600
56231179
91395432
7852532
33080284
87577916
58617160
70339181
53340407
7475661
15904357
22032215
24233943
51374300
14548247
87810602
47329217
58164870
64338757
68197946
37147246
94790588
76946527
33474589
27650558
49781361
21993579
79079745
18762286
91227462
17246958
54416300
75467255
18665168
59350666
20393736
59542834
30734942
38962844
5605008
85625525
33423940
46966571
3750299
54152744
84460931
35039344
23049509
71702323
57548863
53106831
56500361
26258107
42584090
95967930
77212843
45519238
18538665
48185299
96836877
14515707
973746
87838731
64913262
69950290
96151062
22921268
80746881
47992093
57806505
26572365
57116044
56337784
70968188
4432116
31049136
79698863
81260982
79671104
18397449
41471999
31309291
60634585
15221089
2864217
18051920
30717523
16681820
86930607
15563422
6936865
43661847
10240696
69350024
52768631
89047415
82282850
40574653
41791501
34146599
77494928
44287017
80901096
35057060
39109946
30148093
34796030
62756128
86210865
75481552
38762743
32155745
37939366
13521932
49066169
92949562
68597294
69003113
97727671
29585942
33611884
92137530
37812218
41228178
1043793
27882097
38614600
94499945
93757887
61730123
53727856
9180179
17400511
43292424
5922517
12470933
42260548
57379532
93026613
35035043
42862000
56820568
45259685
58117743
41385515
26419415
44946327
81740067
27213396
49069000
83337773
11832537
67229236
44220960
78166683
72055560
90656066
89970276
6769669
69274573
47640550
7619127
99591767
48880449
57826031
63986303
3652942
45549245
12702697
30687067
93280365
35595060
9453026
61156727
94538722
32389776
81446558
52715815
73699857
7525100
18986891
85219457
12592011
30570499
53662793
63419873
69585592
96322335
4125831
72187033
50855562
1038016
11261971
52561561
32544042
62561545
55287320
6449023
61131281
97363935
5540405
37868650
41016330
2062646
75483044
62613785
22214906
40186798
29546516
65708851
11839655
46357444
90933516
6144390
68772857
12892716
42362645
4413021
65345892
63028429
74041362
51179531
70204062
86366004
83587097
28666110
95477608
29462014
2083268
11118550
15421422
3193141
18236271
26107422
62342906
74871573
58701817
3707520
48454591
34915085
73247213
52194833
6935216
2523498
57207941
3822816
98406060
78566258
16910753
76681888
5064510
19942885
11987999
36293295
97610696
33153024
3224651
61101262
1497831
64678476
81968126
95611724
45444710
1153615
42671652
11321506
77597575
38520422
74191321
54490252
52576581
47790297
96774077
49695329
54655087
65202612
32668148
67861091
80393059
51786292
72838562
30161949
41493141
20664403
81250594
80938146
52856644
2652021
67871792
3312616
85843926
7500628
26827649
32519364
31033770
30309783
91882549
64619919
41962734
25178851
62837099
69571523
72910028
61101777
6456220
42051059
89499921
87215805
7955677
53275404
46636925
21956255
99881933
73691764
9834673
66180994
27461369
252058
13680723
88519051
2120217
10856343
28138587
64731619
91513321
14767174
55560769
48099326
5487082
28779932
49335156
71256438
36200384
87048475
48173385
30896928
21086151
88531202
5256600
36374443
14505339
16735408
62664002
98277609
31571794
26068310
29529408
26510008
96610388
7508615
67273814
40591906
3321076
55360898
86365284
9621983
84440546
42004274
25697082
85956064
6506375
54584502
30749076
91274400
30919656
48508793
67361068
32231266
10903570
10091662
52060355
34671409
92368094
32429241
31985571
83003009
51569137
10568327
27886835
90576747
390327
62939336
71617373
97085510
37371562
70405405
28447960
56952080
15470450
89208689
58675942
79789819
9104518
31762834
19868530
36765231
48346731
10064832
65221364
16715089
23996652
88109737
72848426
86096340
51755044
18648007
32778121
78834677
65416227
3399978
13353265
50888562
88306885
96259998
78797067
24325441
1972567
23573568
33557148
10456252
1831202
38045631
66771935
23108857
82577328
58758564
65194048
87252339
44019621
61278555
55894871
21193568
16605355
18298102
67497073
41601063
5419589
7690507
88850077
31605242
62040536
70734487
78743942
63200103
36924409
33327653
11930224
74632330
33230903
70658696
25008369
98710561
39579264
77163373
76414080
70396483
44768399
74503599
2609173
13606860
75465361
31945804
62153830
22202776
55245390
10731698
28052058
49013837
98720317
43834250
81104537
67351002
45202411
34765761
99647496
93982484
68649923
90204017
91431001
58921956
32924359
19524080
73977465
87714600
85281310
47126444
28809074
53546405
55013422
74130591
64578950
47354093
27061404
92875662
85688174
55716641
30812243
25924391
39617015
48558604
93842482
10525117
89530696
30818066
15671057
72428922
71789444
90585801
72024451
30873688
50067201
81482634
49111787
41843268
8716592
81254535
27801852
97319893
36760993
76469055
707232
47237710
22032952
92620828
54304228
38633637
89976606
825786
88147696
31202101
98312276
92097443
24417421
26339356
48262553
75699548
51803555
4160806
22242416
62982044
17256694
37620840
76250916
1531754
26500395
88222335
6432903
66265430
37233432
73383635
3289219
79372833
26072250
48048573
89563584
2318619
80713371
78312315
24427511
49447278
37313872
87575104
17262223
11742008
70892466
39424181
89320076
14170164
68173121
45181779
65023250
89171579
74032522
50176349
36965385
16997742
53251039
85944927
31525643
65331701
89941403
79832453
24519934
16002663
21328026
16678327
23277855
49694297
68273690
47481795
66710929
97849009
84764523
39150852
55688597
78669137
81990901
56309236
96052881
5310870
43231219
8115565
68129327
36614789
76075297
84563285
37349906
13832591
60199475
70783256
13587619
55091311
51276890
93893085
21107083
17719167
64590033
90194649
59197575
15097068
14403322
58390830
39816464
36742332
20074475
31291225
88788897
58653728
25537116
40319370
7894979
57558975
20868185
67993228
30237150
8704659
53976878
90370164
13576908
98222280
59882252
19162310
92792748
41387129
47912407
18838923
79979275
4897332
72080055
97501988
83579122
64943959
80111532
82081934
92248996
26722624
64880300
34088358
4496107
35408870
60144415
40452259
29277582
11329046
41280827
5137201
8300385
27806824
5218648
43811481
80246946
99004757
18227142
58632542
63498878
10781360
16495701
90139326
52876112
3223295
91548312
45663851
77214479
46745995
54283835
78997044
39454973
14026980
58325207
27295332
71773419
61041223
73265189
17962904
60778376
33258762
65710352
87610607
15772378
49862547
90801963
39099402
83741778
98688885
48085731
49717984
57213392
56511502
34101672
19623666
57983577
49092670
16980328
40959856
5139889
11019787
78288953
59709496
93563282
42971333
65900585
80235019
47538646
46939707
18977725
77215846
40326809
37961417
98352516
48950986
33173435
90497854
5990337
56067338
30020801
57624429
77600894
70522984
22784609
61394388
76192046
61955801
79100091
72731249
85539778
7145244
78543454
8731606
96052953
71260642
9982228
87834738
67799104
88135176
46959127
56288931
76131882
21577497
25919153
29964409
43245249
85683440
420904
11244476
26801777
61218156
93888863
92713624
76243873
19863852
7931875
60407682
60943907
98897575
6578192
5274615
34136603
42635304
87016553
72089645
51707811
95910115
358125
59568135
89217892
35609855
38255699
49735234
9115865
40944131
48950226
24085210
85804805
29164284
9106429
97770719
20158448
72627801
58937604
25616322
35968149
3207272
96806991
85463629
70353311
86451165
28838111
82214750
2241419
42748521
86568127
76156073
95751254
2632532
10721507
33331032
37148523
83573990
41251262
57397901
328352
64819214
29813220
2881670
30050633
23872767
47283518
60927894
67032156
76398175
17896199
67296689
57144010
99355529
74452132
16560729
16890779
93374536
48956011
38181503
884583
26609806
16059945
11643071
69031080
85598842
30258392
1835348
7894859
96656247
47586026
37182456
93610318
67177657
35666175
50310086
35723677
53512016
61161717
29055690
66474392
35297268
7605115
80915624
3961555
65427671
11308370
78869448
33847859
54377250
21999405
67200045
28542494
16444567
82138744
57574736
19659516
54187921
72717575
17087687
51461788
83390735
65666595
86638882
30487920
35076497
13700830
31041913
46823605
1846431
29167608
38409640
74923666
45495536
90007066
46477723
41725994
33287107
13242396
45530814
42447615
58066188
76846753
44579679
18889152
30773370
18487698
98038306
43891832
76480447
84226134
32837103
6523761
77327682
223099
97845403
21043388
94993079
11631262
64709226
16416309
98020213
54640573
4409805
92523618
34088394
31886732
89030713
98633240
71309117
94232399
26107279
73652244
82195250
75985616
89063310
20535206
98935762
22456731
12545630
56112304
8773748
51619966
55003895
28155453
51350759
82248023
77032812
62861353
23940505
51552363
13494923
37512057
40125222
37875195
61782220
62002342
54043512
42028292
61629694
49597001
25760240
9413682
2315625
73693529
85029089
44038184
78281636
54117143
7147433
84361040
76590930
68757384
3302077
32562790
52782213
43151573
31102348
65888954
16645481
38059279
23075565
11615552
22506511
77028079
50468963
41267693
81016563
63953624
17092875
44381679
45870953
22090382
7865065
72444310
25826237
69457028
86091974
84933719
33896260
98372041
29727625
96825575
15348308
77838089
70671195
86020613
64773696
9977117
77740222
78329791
96348825
46978186
91860530
96886450
33398763
80681300
87659123
13902246
59174077
90973022
74365674
52898579
73799026
6308204
2530780
94599865
21653573
87317993
76468417
92139045
34615297
11285004
55809699
45107384
60302407
43121427
93789996
3312407
10445298
99075354
15545917
49791978
40231046
55149323
54975783
6198729
5849399
52709836
44082277
46246344
33907140
84801162
50605677
83027719
81858957
3710455
58594766
68370119
60831872
58310811
70848591
12420404
31244132
58729254
71881728
84931737
53438442
80788470
13230178
32290078
97383049
55624536
64834399
5984571
59658779
38185094
69459410
59509404
31950949
72606084
23048822
53397731
82268884
15630059
4076546
43870825
56237132
64983406
81492429
29226554
54462442
84858041
90902496
1936377
36895446
73773978
42077553
984229
68337140
5119033
85806495
84812387
79771833
86970927
775806
97462058
55604763
19565928
26782238
92277398
76734194
26176969
31111927
9921590
86694489
67986644
57469095
70726524
99976454
29511323
66302134
63452992
75690390
43247040
94809027
24034330
70485493
42139324
52816066
2432556
66526595
12731086
66392867
10039835
18243380
64551112
91501593
8081281
93097947
55200952
53784858
98059699
24832994
95640324
55680589
65263222
3591101
74173586
22786385
1225377
55170758
75146942
50624918
24244256
96577577
66150455
87802090
94789364
32565757
49052816
6878866
1592735
35762542
60425850
13996226
58921882
47719608
17426329
8539326
14654382
94435274
14847502
24047243
4958191
13254788
99995067
60661297
73842336
16811394
59209225
93526484
40016102
91185308
65256807
60043865
9211884
47456017
8057791
28133024
17458216
91873898
26280039
45414110
82247769
49080006
8336381
7861746
96559286
33535400
96365403
92202297
58324563
61303129
3921238
94522638
93312284
38064609
34476604
44986421
8580372
62866292
52030615
93251137
93649242
94855008
22838151
59155127
33614578
30054530
53419352
70559987
89283236
27927696
68072469
76851409
52775505
90423470
40232693
52529287
46253689
43424219
43332916
49023610
34426307
13390402
44771362
94235526
15546848
37808503
65218393
27133359
31387493
13735524
8843101
48944309
75056290
70069738
26567310
40807421
13324032
37778211
63435384
96733702
3430042
7590481
56400522
21059150
36802057
60249641
16943367
47081684
22218870
60098267
19681789
61793040
74526718
36332256
4839204
73512739
73534435
79507557
92551904
28974174
37519319
51710308
97267454
73175340
68363160
33260767
82455390
70482845
43243396
13662541
61025717
63943429
48096067
17351663
73039967
45900384
75902839
52990474
29931105
20903856
53769747
17823036
6183007
70891093
70716318
28446624
81167520
88970184
89039896
20513233
54336274
34263877
46823643
3077551
44094415
839558
3021615
78619806
86485296
93673433
9498324
92240230
79804653
84053461
86816888
72918015
45635461
71090361
79557126
15880169
27155169
50872888
18094469
77745470
85627884
44672470
26029235
2338279
3612133
86858759
76175636
40493340
38428961
6484690
36203390
75289209
42396180
55053725
1516454
20519817
19138258
34922677
43554808
2759671
97409208
58067402
84724525
33127359
49867053
28132910
19663992
81278026
403964
96507613
21964619
1497323
25272959
53145218
1097892
14202149
43636386
51841772
5746550
33935737
19442954
17184077
95093093
23599678
99587450
35039514
77808794
38684816
13375360
70789551
61689958
21999557
23800638
53470408
20033991
25482928
56078355
91929005
14867489
75314372
94101806
977842
56697588
42364333
53511630
19617621
32236933
39730089
76098739
34577248
21658094
47933097
69162671
26488751
33971435
50324380
2054437
6562952
31132580
22878908
72481902
35690873
80943976
99140879
37306260
1500486
20522859
61817032
90360521
89832219
6398589
71606071
44591769
46508447
34030684
24174683
36812369
42648733
15044035
23648767
89953924
87952076
25558888
29885585
93421404
17592493
89534276
39997876
76417906
37256352
1457562
90698104
29605695
88457607
90143708
24085393
6402130
47068918
61346788
20928612
42916399
28391636
32685808
6670766
68871193
5888941
6635693
65714379
97686970
90644753
4349162
75447563
52805771
19809934
87750448
77943691
53542190
20240489
12260885
53369799
63757687
15903907
26304227
74692237
48426246
70511649
31539436
6761275
42490082
39665680
30159928
54426291
42544928
9775087
44318378
38212051
9478931
56407274
28324992
50220909
15417918
58126650
74864040
76098149
48954678
30171837
58385673
44104862
79968406
36442985
2008035
64880616
57836007
98463857
98873599
59262911
16928084
62903261
87753673
19012347
44929806
78342622
42010137
86836957
83225638
96213572
41906804
31066766
6051182
47279561
18948770
36864873
16050405
7872636
49216727
83932920
93674518
64818641
12812125
7735671
74571392
43485770
26617173
91678414
79500167
83777476
72191394
70660712
76453203
1572018
96694429
86446062
84433402
52069629
69569648
79438882
86456128
81556630
89802211
48267371
45221047
26930364
78774700
43349640
78248587
26438001
84624366
80685220
47326625
23509667
96329229
80907324
88928433
72855967
41281642
86381145
82705136
33033503
5525426
72081672
20392463
93433670
1291220
47429756
70803396
63471279
86701562
11231563
13072666
59694090
64800625
73029177
34033422
64111189
65997551
76733188
50915171
45564247
33701906
56387678
93560914
13489466
47050649
37233162
57629226
49960615
68186466
62005572
86323371
41738770
45329612
1221369
81784805
79194369
72655542
48198379
93670365
52431189
59554481
15753372
20985450
39009890
87334264
12430786
69674559
8135606
81507955
20147495
90813130
85924909
60715414
97193609
39685556
90405122
64222326
58803710
85420766
17745393
48135901
38783528
72321432
22972604
79626097
8403145
45585005
227303
90760463
87124347
85294974
4719713
85948980
15113238
15614487
62174469
1928169
13437444
32541814
18211470
97612324
69628096
14782266
27617159
45644587
11940135
84024405
94984472
48073950
60840634
30460714
8777737
87775685
27330001
11942107
64447463
42002379
85627846
10405843
39940923
21904069
41136263
21543523
3996933
73955394
76314257
9387434
36243969
37922918
99506197
43959210
94765152
82520763
33704762
76574728
94150133
46879334
35678576
35462195
90923804
96376563
59958853
13529923
55809597
89952184
83494507
33185204
48872224
46945984
2633517
82144653
72819821
22386508
59030716
37135915
75890775
39522874
17053674
31930232
2027766
31948138
1804812
45512449
99464591
37885554
50622974
53979241
18073871
87525800
41512680
70975072
51170169
88678634
94779891
11119663
84974733
16752836
72321399
62850869
51401823
54658341
55157839
50501407
64840017
15781600
60121726
68707801
36733494
10480569
96769778
3165921
14763984
46122579
80924584
75380222
76312958
53216399
31084867
7309581
57376926
20624325
54238015
40774328
86568887
56599271
47266318
76988888
24098579
82101581
60603185
48543710
87979426
13351363
46103287
63394607
15487440
86709130
58299765
12465219
22500456
97057103
25970415
45901596
91880635
89648744
23250849
29188844
2330942
97438610
54812496
37609579
95334480
97260572
38896056
89163656
20837628
73076030
33149868
23018511
9541435
94200592
43021353
83936423
2619697
17115830
14827400
37910141
51800774
80855253
92848700
68950937
81585369
78716320
30272801
93140223
93967788
77315494
64188545
14145062
4106789
10090299
59342789
80177755
95831261
87973795
76887089
69621528
47247809
36608655
34994897
41554347
91598316
50251308
72753949
20383899
63290411
37686447
38015601
21584767
73753809
63300355
88127908
6663825
72385642
91693920
13633829
98959953
43972395
63992905
4804425
59796942
30962287
67301722
19289966
30409506
85110128
96377739
93251852
61360150
26820724
94698417
74479803
77959958
24740924
60694579
54869391
75757009
29383211
83722606
16905220
18496294
57283699
68805313
56721134
64936677
84459949
38410767
55837910
17863839
14171644
26998461
26329528
66525488
65111231
34383344
84199156
5514724
19294672
11444975
9884435
97040282
85727840
461941
51439736
78904799
71319451
76782264
43548364
90146247
3836011
10435124
57237677
56533812
5301229
20628229
27762207
71306230
71075285
84195399
59278672
29506740
78614948
84894770
52827313
76744362
51026494
28611269
69327980
30626066
36434267
7927166
88753757
85938413
69079237
79165445
42037299
8375919
67424438
75249189
46667102
42750998
31897286
42228904
77845690
89713504
11847181
26380484
36458464
44625367
88842288
65733486
82800603
39435750
74348542
84935538
34350231
60055841
66215387
8155197
75768062
41606186
18014202
37289125
1937878
32736082
17566239
97183546
97304542
36196250
86092375
13186726
72506951
52365463
88603582
26634555
62205732
98246688
47168850
14298371
13887496
98070306
14999198
61991836
46360382
81100085
21340952
95606877
2991491
4190665
39649804
4184285
95921819
65705544
13906294
23304266
54436796
95275268
59045380
80802351
46629275
78648365
59229454
31861932
30168602
94079800
58834475
76532541
21231461
35563745
84840005
93544347
18217386
1918786
39343182
80367272
60193197
62806740
88818232
50467414
59444882
20393247
20770084
54237239
42324411
29785943
63296691
5566620
6412131
34193580
12369250
80990218
29086855
36626548
84222203
67738623
66630393
16688786
75423965
3032911
2933157
67172527
7442214
65189049
16828314
80296342
35204936
38920644
59233803
35342713
65959133
32486228
21884726
40175531
2101063
8619465
81442291
87420067
81497224
53500018
80585374
91566552
60371298
51939038
65177890
92302506
25151172
95127218
35481242
94131477
25401742
4890318
32216948
23787169
89507901
61072158
98855619
83502938
47025339
94836478
90790877
53986798
92244605
11202345
91523532
1240132
72444569
24035188
68567123
69403863
58884961
92200848
56356167
133261
68814006
22822221
22579566
94376154
31245255
50797322
68746687
50384556
8975134
30076517
1673835
2845869
58983783
73178459
93695122
48220631
19067271
12672148
16484061
1574804
47873354
58375888
3679973
88509340
3102231
39663492
82516083
29798158
29509596
97009948
73481857
21786422
2832892
72714884
39732858
12626635
46493682
66599178
27812232
96554471
26470291
55322271
2869474
52695684
50871839
45852476
33863465
14691831
21624783
91013597
61324344
54355739
76121727
67580858
682525
30179745
6431291
22688495
73621165
43119154
52530737
54905848
19405309
68342138
76852507
63093249
67357468
52624805
38139858
95984663
72576781
87438181
506440
35517744
59210233
97703386
3887624
95891326
5283872
95157350
76156190
72209589
30210659
15773775
11161523
58699478
48639846
