24226710
190596495
-1
209596420
274936230
47711390
-1
393660640
293276925
35395185
-1
282842670
311216540
-1
119002975
240133710
81648440
164992370
252275665
215799925
269775280
-1
300370550
171839395
327438865
318757860
208282600
-1
303505680
225534365
-1
109180940
26737535
193763055
-1
-1
18743620
-1
64144770
-1
37414705
296565590
219991490
372729160
-1
353388130
128620875
-1
16566165
-1
48891180
153323675
45010665
311382780
144470345
21500670
213508160
269158895
381723140
365188780
156852695
250049220
193277380
36546435
83756325
377558180
87034660
-1
-1
288750850
252562900
-1
82692575
247848285
384006540
341175970
-1
198437720
22248400
280164625
64635465
50866710
153352070
-1
213566675
196125935
194165530
-1
-1
191744510
32893505
76264085
376543860
89076575
375620110
179414585
302117375
46303245
152291505
25718060
281856595
99409905
184630055
-1
184330105
263916430
274996925
-1
45362860
228116815
214513610
-1
348002610
-1
57561540
69209320
345049065
134926565
115214720
236645570
198275730
153120855
263620910
203375100
-1
192574345
225428180
332381730
378902385
49510770
304873220
186888340
358603835
243307045
268013575
35202805
40410150
-1
-1
111678420
5290455
-1
105491260
254693250
66880935
256315720
301126605
328726280
240403790
-1
387922310
202727175
125197810
89106110
-1
142237165
16681025
273890895
215939065
122006350
152795290
80822710
13246265
252392655
375561825
90305660
162129615
21243890
139065010
40644005
-1
-1
68443810
154405190
-1
-1
12529950
191722720
136578155
-1
381267100
297965295
281169415
39864035
181409985
-1
161692760
-1
194413890
377612995
158669855
230657335
93475045
163418485
-1
-1
-1
358314590
218660655
287727100
-1
-1
215364640
122238320
112333115
373332710
200251220
-1
170294570
-1
202673380
377134085
194285985
246018465
393845120
6772060
307012930
56826515
97087715
191584720
192950375
3431305
64042695
-1
139067560
349503595
288114620
129666020
-1
-1
346824125
-1
-1
233074845
-1
330346750
119797160
75774350
214251390
292439810
286329040
167980055
363803890
-1
325444760
-1
304560160
91080905
-1
116378535
60828740
215777945
251179765
-1
156766970
283444405
288891955
214056265
217585250
355213750
258302345
315240115
335234865
-1
141681295
196183790
-1
320552090
84186985
287661735
227200155
274487710
358520425
-1
-1
140066595
182840415
104438930
111545215
205323955
229456395
214338040
122480545
150772575
397811310
290047670
99858460
389225975
144576160
110660680
364442635
-1
37009040
262466590
-1
271115970
63135540
127515835
351579180
368414595
229911825
220817085
255785345
-1
156001005
147077910
52779770
218780855
97446230
258007540
257255680
-1
52945355
178534865
357858745
65339435
-1
339173760
358937355
328603210
176217010
-1
251274915
-1
270862495
367027200
347297050
201794280
357962765
12301595
66208695
279940675
76914045
238588420
293646460
13051065
22222575
112363880
222219890
-1
19293565
292742355
372567240
360937835
-1
107079345
22028175
246939520
234518325
-1
322637975
372173045
18897075
-1
359253590
-1
-1
248526095
127012345
331949120
100138825
294854575
303057615
390662240
245717875
91238795
117505000
372311875
355101905
152212140
267095145
-1
332973170
37574330
244994985
180694330
320227400
-1
178762030
269196365
89595610
138295565
-1
35867135
207914855
-1
53612470
29458950
302540985
242345085
-1
293850490
132568650
173227985
96607270
82697510
269364410
101475815
368604665
119490115
-1
386871965
152168115
119885970
55952335
-1
-1
15514940
301678400
342600030
359677980
-1
244708100
-1
319323990
41529630
62872005
166597335
100587535
292652100
130561875
221457140
-1
-1
-1
-1
224335085
311139315
292941955
176980655
350075485
126422980
-1
-1
-1
-1
91216560
179982015
204863225
-1
236213495
-1
8642185
23218760
213227135
130000050
175927205
72871295
-1
378710315
-1
267476075
66548290
110766450
194342450
107651490
-1
90033465
99805430
42040330
225737600
307022145
310868300
3903290
64431250
137608500
130314105
290419355
286924220
218953110
13056230
54001220
349592190
213528015
61312935
278183735
138321515
161518015
12039990
-1
74011160
341408080
19480080
-1
336335715
119368430
66747030
313967345
162103515
263504860
359328375
59521075
-1
15723525
-1
-1
558980
375078495
228354420
21861430
-1
208601675
94837620
339058460
224938680
203746425
376532525
277584165
73505960
187987545
391734445
273330805
75062990
203554085
7407330
-1
314586135
91290485
347696805
124765525
397106820
88577030
156325825
116053935
87864060
290105380
383701410
177197630
205739485
383617955
312242360
248742045
98469805
322129705
115681990
255525315
142345690
326479385
37571820
376468345
216211750
355990995
48166280
35035835
105437030
386377970
-1
230822135
94709745
44500190
279920055
197769385
311333280
329804950
172113815
9361550
312786815
-1
110890905
42467735
201715440
123049560
139159930
261070010
240975640
22439635
-1
297593005
91222515
199930120
174980660
-1
72680395
122148990
295124285
302172665
246002230
307037795
27518620
370096335
152581575
5328420
239406295
339556805
352708875
258515265
323839070
20831365
-1
345406455
33979055
239716090
246123945
211025980
101205485
46556480
141447670
225931990
384614185
332550400
200465570
290147270
207697490
256037525
111813450
229366920
-1
239110325
99518960
90713145
-1
-1
110486400
187719925
91467225
342228140
173484800
386468620
239140635
363834720
354216205
141019775
-1
23508775
295204510
123694865
98495465
12907330
246893800
187996030
188441745
-1
2632560
13759995
25864255
228467130
305938175
196679240
197127240
-1
40508545
12957435
255722770
239778555
-1
203826850
236074750
-1
251085270
155595850
230197420
-1
381823435
393548680
195209990
181562845
91608240
287350300
10998755
28901005
34799180
7303790
-1
13503305
235531845
-1
104488890
198628745
33853845
115361735
-1
-1
139659750
24628235
-1
1904455
372880965
298351215
48188025
377028510
330052300
-1
271460010
72391180
201287055
194345820
101288000
347921725
94607455
198888590
316380915
-1
179389320
11742095
150105450
-1
6294320
370795605
-1
30853890
237071425
148292165
289859150
396270120
235970085
291002090
339026740
-1
75631025
78535535
385440030
64451910
187603870
216740080
125254600
280365485
256071295
213694475
210634810
320109215
-1
121423985
-1
172972295
136226370
107133625
212897305
-1
122803750
258297450
117475175
342090185
53013080
281591240
362161020
32668540
189885595
122766590
206616075
10057430
62777985
120347620
210483250
211333880
116998020
313903080
220361285
205013695
208125955
330296305
85140160
77059930
306961030
308114500
287614780
47915000
31367830
147516310
210387225
-1
170454740
132560565
10038045
245813025
85287590
101790330
-1
238962815
245693740
-1
205683075
171711675
259431895
94330785
26142265
350580530
381940540
359138400
-1
272949300
-1
-1
74646885
10593055
387263395
258688485
172480950
-1
395781995
331874015
-1
145470040
390300040
-1
290780695
256770445
-1
367913000
5279095
322361615
19190030
389442015
-1
148833760
-1
241072735
270678280
214941040
264906040
259831015
270760395
-1
398500540
222771775
127573945
210456240
33975570
251900905
82984295
200763435
50986090
-1
28986475
59161570
310778895
22540155
-1
-1
-1
17291880
159281210
287217665
172454980
169708340
-1
358968110
238090315
360418905
122486710
124460345
161964470
-1
-1
84671930
104504130
150782200
344995360
-1
24345110
123868020
36963035
104681145
163795960
-1
134372880
262428920
322129930
121677340
231494065
117827890
32698870
28176635
258761480
174631435
328016845
65535815
374589935
267166915
123254910
110958515
345110585
268806780
115216955
284686990
191518015
235091325
263225625
-1
15820710
-1
-1
57204855
-1
108245635
129839695
338738590
143990330
202411680
379420835
274769095
324350000
84328065
322655170
-1
190099225
122618170
-1
115746245
-1
59041095
375664395
-1
274749645
-1
121895795
393370310
33130305
237389915
78704900
-1
181179010
-1
259445960
23839650
-1
-1
259813595
54465845
-1
33560300
269539385
94041955
282000265
226813165
342489245
67685300
204157575
-1
199491820
-1
248157130
-1
333396245
100196525
384394300
-1
328961015
397788725
277316060
73900670
-1
87377280
275129270
11051755
161013360
61521620
364021965
123939200
-1
292489525
264605905
66781230
267915640
60264390
83595600
299474575
299971795
294005740
129856155
-1
100105455
213586345
-1
37894255
231916180
31987955
-1
41430590
155887300
280031695
47715020
312038020
245127445
280408395
380662030
377240560
-1
257406160
36241090
110349310
24852350
276677725
238429280
244780405
-1
62884620
299866745
-1
-1
275391970
292972545
167687650
273032565
167432060
88084770
5035910
308567300
-1
128876915
58254975
209864180
54878205
394918565
63022375
158245535
73029060
383786675
282865320
250152180
257163410
350396060
-1
-1
2711510
381823465
286734640
-1
139241815
112353210
-1
258796480
-1
274173080
202586470
171325245
113745900
55090730
-1
162715740
248800345
211955000
184711320
-1
68221970
164364715
126385650
-1
179747175
150275800
-1
-1
38308695
326926095
290148960
20014720
209087075
32175785
156736665
63733320
85026240
136706220
366883570
46177635
378121945
-1
-1
73379895
57015120
-1
-1
255019005
36686910
340250265
103449500
92217215
360039290
331219920
84993500
357257740
122276220
20078765
197883245
131929200
388183320
324464225
128431530
249742080
377207820
324967650
392820625
87894610
-1
380846925
117092655
176288550
12550655
128211180
100899250
49819715
189140945
222105180
383565570
40177870
-1
363164250
59252520
377722875
368949575
282222510
377147690
-1
-1
-1
60742245
249540110
287518280
239260730
231704640
202552525
197531175
68823455
85271595
372395785
43853510
-1
300007685
1778430
96697345
205814400
-1
329917445
34946865
-1
62465840
255704440
235304790
82298520
318868140
89337960
314334060
299861640
-1
62079685
191775825
106882770
345539305
42183450
187090485
16713450
-1
-1
-1
63399170
267884615
4160005
222687940
66925030
85165465
81585470
367495090
129618855
17361135
349267605
160468540
10954025
23268585
216984625
-1
271654375
213383200
-1
-1
78334775
-1
342564060
61220820
52465355
-1
-1
62412015
334066745
-1
3887995
175439925
102155215
212645550
240141325
376872170
214052815
181635920
301922280
211313770
23173120
-1
378586775
390925170
200626480
307244035
211325360
-1
-1
51754700
104625035
-1
280237445
104500610
116434455
275403495
5673505
357803000
298089250
399558180
38996090
120454325
130129995
-1
224317680
-1
216652110
11570490
249329945
148026215
-1
19793250
351266370
213370730
137309770
367690615
9046675
328382390
103817965
126267165
-1
161522475
47354685
16711745
11059245
314376935
171966600
198283480
378582925
181841625
-1
-1
64676820
375342350
75260360
259599045
155622905
257783040
115205210
373639520
-1
188230975
-1
-1
-1
84921580
365769165
62927150
56230725
-1
127543520
398585505
51524140
-1
218305210
41968055
69684400
270684260
-1
42427680
-1
340689840
53678845
338132270
-1
290047885
208783755
302553110
236398205
-1
59254610
45945430
138101930
104096985
379998980
235611020
376291415
205493460
333956695
-1
47826510
233316820
294650815
-1
124486185
200911380
17619205
-1
39512575
191163255
326509955
73436805
149839665
338935330
378711595
-1
228556675
-1
338807945
136030345
327338270
289505355
295567260
192489755
149484435
228683430
-1
251874580
137047535
26436355
288697120
82592015
233255780
195261550
84529905
2895630
187719685
47115905
83251975
111451720
82243525
-1
246754355
356689670
76733185
-1
57016800
69634535
253687410
342986220
6942290
376529320
315715990
173192830
-1
134279330
-1
-1
207567150
367653435
57974375
302486155
362731905
320305790
223319025
308771135
57130770
183748825
323870930
-1
148763150
143659355
44248350
-1
-1
-1
396268740
123743240
301220465
-1
350957090
29167985
-1
377944355
-1
-1
84918825
20173670
341514725
383239655
301909605
20884715
170927250
64522715
399370125
-1
280538110
24453615
326789895
49149535
348504375
317434515
-1
182519390
-1
81162310
151513835
225010925
220505185
-1
181052440
194948225
301272530
94792405
33458590
79462945
-1
-1
23075345
293383520
377761325
73595375
81256550
319708570
16402490
378327170
525890
-1
-1
-1
177899240
374979850
-1
-1
131353080
-1
429145
295717365
373959360
-1
291824855
-1
357254995
275583625
170561325
9196975
80393545
188892775
29237150
-1
224784490
335217325
356728195
192859720
13052345
14261695
-1
214860290
38737170
175385875
149449115
351482110
248931560
285239670
1019765
-1
92341730
347291185
-1
-1
36367715
-1
-1
167502290
31796040
-1
197270705
176084390
-1
107677230
383878300
382203795
105561305
338987595
313041580
-1
92286440
-1
314796355
31910810
-1
257780290
125814385
358223520
100802995
116162825
361408020
131583545
128669750
93890445
241617415
234066285
351101415
155103190
395316625
303346030
221460720
-1
41317400
87899600
218491330
47678805
-1
366992375
20726955
118093955
141997840
108756890
-1
232944625
75187305
-1
309677565
369251640
92867285
178938185
-1
230149820
28601550
132999165
212763565
337141355
86151190
147301520
203022995
253953620
380379070
272305070
142080530
211462395
267679165
295415585
166067385
273296270
-1
-1
121767060
-1
42741805
217606710
-1
67230730
49946035
79283355
88518975
75077620
-1
90054290
-1
354394840
347232605
38003650
27430475
263849385
205480355
115564815
-1
159528405
302651275
271431140
77719105
337684790
224171170
315067970
-1
82036185
201690505
77834975
-1
172486320
-1
281203035
-1
-1
317167405
-1
149856445
74161035
131215045
287534525
277435380
248912805
251914310
-1
326229030
335889365
86940530
76124580
272517190
35514385
238900030
-1
38627485
127883675
80424760
-1
40854365
286626435
227506175
-1
128204080
155739625
143305500
324460820
20108240
-1
149060470
64351385
21884280
-1
320992005
37614040
-1
327482780
286693630
352207575
174372505
243865175
93195675
330649290
198176420
298694790
302350370
213440465
37669350
184170895
-1
128864570
80277275
331053570
204438915
-1
364828740
255069895
124467275
-1
291707895
-1
90789240
182740020
274256370
399612000
342458155
192011125
-1
302302335
-1
198565840
209541885
82981050
177373985
262259915
-1
-1
260226690
318929135
13489210
323079220
45440960
226655625
359615545
-1
-1
286817500
161732270
4923150
153375715
208985180
161780835
-1
152341655
149121285
129316765
165147445
393647680
-1
119968195
-1
224324765
361910205
51895650
389862350
263296475
276640865
248167295
187463295
240074150
358611785
250539060
160039990
149503515
-1
272142765
274540310
144913255
285572210
318749500
152087715
295142210
133965685
-1
368426980
366696920
77306500
285272480
340281310
322933775
352897830
25490745
92818925
200521935
71185415
-1
95750595
310272190
-1
137235665
220255185
-1
-1
390407470
-1
334787475
54363110
-1
129831945
136892790
105589475
394404690
311082170
228441430
274428505
118377440
160623710
217226465
94002230
286625170
147560790
191665975
334417260
83986485
36204415
268034010
327485535
343478135
166008665
226199660
35517865
81116675
20239970
249185930
334657830
-1
347232765
186874055
58494785
153768465
-1
-1
303505505
39703000
312235160
169085045
-1
85001705
295856315
314818295
-1
-1
38571820
169022785
299615260
71344270
210225855
-1
338185170
-1
-1
323591540
336410040
154056955
37950310
79405600
265711965
137765690
11358290
42251410
218757235
317552260
63466095
380296820
218461660
311894420
87243285
-1
-1
-1
183027200
244529955
100308865
-1
301838670
123010505
167792260
-1
-1
198674050
65212830
241714610
274724875
264643485
178079700
-1
305439525
259557035
23339725
50302735
244620010
199555055
382663070
64077915
262773320
231953830
83805470
323186640
31898755
35282665
-1
359650865
101795710
302780625
-1
300313905
168656650
354399945
125984925
-1
346701740
-1
23929940
186551090
107847130
161399915
138777780
324298645
283321795
113487160
-1
136884975
269580850
373699735
372562420
40408715
247154365
321843470
237191270
-1
115038450
212171845
121885630
280354110
-1
-1
54301510
124551435
-1
326423380
241769540
318752495
58598600
-1
230910955
-1
20086520
342761710
-1
-1
-1
277181675
229719335
-1
335326625
-1
358887060
340870820
374533060
392213860
139538030
254971185
252306370
327643335
171268790
331605350
118097975
30947740
157294405
82819155
190085660
52032755
120870830
-1
-1
357713210
278442235
-1
166121700
130751445
397713760
-1
-1
-1
-1
56650900
-1
-1
179769435
205619465
158777670
204105440
7619410
265464515
299332060
67069280
163350950
-1
232988540
150131040
65253450
118009145
43176285
223431265
39515505
306670360
124936680
-1
107875690
329537600
-1
-1
374527920
14832915
380268500
-1
139858895
-1
34045300
355677575
61871605
269506170
103603890
139759025
50019575
216260330
132962380
344568355
274505225
82157895
227828320
115641665
143350175
71333165
201819430
299078220
272857505
258505795
-1
-1
10049300
117999950
-1
31519095
100064340
313875690
210557810
347505840
303811370
38427680
169233640
197618650
97747980
243421070
-1
-1
-1
-1
-1
-1
-1
148944955
-1
-1
189455285
52865885
-1
357986170
275506095
75561910
199161410
51424620
-1
-1
118121650
142619335
13970220
22571380
347432245
-1
-1
-1
-1
137667935
316459555
-1
-1
117571930
106425695
275428435
312168790
631085
327212205
152304315
46187965
179673645
-1
119227300
198518875
43893380
368715730
-1
161038410
395849565
124889105
19788225
314922850
131628960
114550525
297867500
141536295
-1
278598000
21275675
202003955
204970070
347916560
-1
375565465
330356990
318148620
102139335
-1
203769140
96443685
369094750
-1
55965740
309772535
23788840
326766505
-1
-1
41165785
13371530
272307455
220024030
301206355
352969955
195109055
355165870
347392120
65980065
78663905
89224030
360549135
365434745
202306725
224723410
58980040
97540400
167855360
179649975
340631525
169083470
164978290
312114185
157813405
132900640
329512770
42230455
21111440
240705085
180634090
-1
-1
166338050
351153080
211960845
275746925
358007595
344167130
-1
309524095
112961095
263358040
289059990
349120770
176594090
19824410
379345850
-1
352190580
231251485
240669755
303312200
386605085
-1
-1
240865125
369654385
282319620
271607790
397619955
-1
138691425
97255020
-1
174724815
97722545
271722605
197871545
97120330
173916900
179836280
137244235
343750780
62108680
-1
-1
194634255
-1
347291615
81942930
-1
9423775
271338860
111548875
314063025
-1
652360
259757190
88952680
189787290
256340335
211195610
296678135
-1
-1
341033400
317994945
275465040
221093475
297423080
58877800
15558500
126287370
-1
-1
100985705
-1
149332530
117505275
56972230
351303265
39987375
-1
227077930
-1
369591620
-1
138830590
380321715
56783960
-1
283750465
-1
118935400
47914795
69830755
-1
94397540
82118925
-1
1131300
393050920
54532890
164443690
320465920
354665190
-1
119699155
373561710
198631390
-1
189067335
345979830
-1
331692425
327886620
-1
292171085
-1
331620370
375345870
-1
-1
72943630
356795490
18611210
-1
282821860
-1
234473185
147094735
238488245
347507700
29924135
-1
72796425
57960320
276423290
317636220
236667910
119683885
278630290
723750
175108760
72734785
-1
-1
-1
269175
61114105
246397750
325362355
393570430
-1
-1
91533845
59263320
236232130
186747775
377429210
215177855
333392935
38461805
309369745
186881005
73110125
136192490
384538425
-1
265134055
92322945
74762370
390907875
343928560
-1
292015625
190907410
281912840
138808110
-1
144661705
21049465
218368360
75536240
16250925
264596100
204359940
-1
357759855
274847080
-1
77026615
94250650
202320090
221372745
324954885
288048185
15571640
161451340
-1
3251750
399939160
50463370
221012820
350827545
96599005
85841165
-1
141128080
53902260
75373170
24751685
253680875
-1
326064505
-1
93830775
-1
293966250
339017350
232677890
193459210
259240000
19472780
211951165
-1
-1
173852750
329105275
396163105
-1
-1
216297765
24737320
393168165
-1
240522525
-1
140597160
282159420
156272710
-1
297242330
20678755
294385580
98978370
264671835
308633540
255242705
-1
45474035
15768980
-1
397673015
18687745
146086060
47090630
370303075
275660345
29602815
-1
298801380
-1
260109560
-1
278412960
218792590
78590560
-1
143644070
-1
335081315
114760310
218735660
32013865
-1
341630775
297333455
323520125
102547645
-1
-1
164753605
290617470
-1
305679555
-1
99556045
306957325
349344675
164456595
11593585
190772900
135053825
218453550
91494205
209986265
205513825
-1
377925700
-1
58506045
-1
3093675
98213960
330136145
213256760
332625605
131797995
98114440
389879855
235991680
272281455
27162275
288097515
-1
-1
265517645
234512010
184142680
116255335
139932710
644525
373730005
296536995
171404380
87064090
60310300
354018540
-1
383377460
279228215
-1
289286910
362363195
41694580
94248985
136254125
137297810
55014805
313756045
79430230
-1
135583795
93016760
-1
-1
391811385
207570005
320361615
279087990
150106115
-1
337868415
-1
194709440
308868360
186226500
231016720
191047835
128835405
-1
-1
198370300
5962740
303026075
1772245
316942860
111979890
1155255
384144285
-1
192724410
-1
184658395
85044960
-1
52844430
71301590
53748775
-1
-1
-1
-1
144829260
84584385
174404425
109379865
156116720
105158505
106564025
82466620
315150275
75431375
-1
7930850
-1
18770490
224523275
308731530
65129735
187190335
261509735
77196010
233739065
232563430
169372200
-1
5984235
171433555
75176795
225953495
247276475
210184250
17973570
348079170
71013105
132452315
137330955
-1
275436230
251479670
-1
276203930
193517250
267522890
381855345
214499635
378434230
323942555
23900115
323386815
194688425
326688320
204260435
-1
-1
52920485
17174185
168275820
392567900
137506570
342008250
359328090
231090340
249754795
-1
100822345
-1
156602170
175520650
-1
308685390
230023065
373679745
223058955
284166430
-1
55660615
187786370
40232485
257332655
159570600
61273245
82781630
-1
131985945
259537995
23464370
326638555
-1
-1
143149355
259269960
81782135
276320925
348816160
85459060
307978170
131516750
356712390
1632460
167587070
107168320
-1
389811615
88342740
385811505
-1
324139655
88099285
51033845
386602690
-1
299687860
-1
381984095
-1
92484305
-1
-1
320798705
284588945
-1
183138215
152279810
-1
325538340
351726735
224853520
5546700
387785575
325941075
362055375
25170845
-1
334394655
192636175
182059670
-1
330069590
30469880
330329965
-1
31537220
-1
316950545
127515560
140140975
325188480
-1
293990270
193435295
-1
-1
13007425
159915825
28533205
-1
294417975
286166450
52408195
328627000
358050830
101575220
365243945
143212135
-1
281036885
222743700
371638000
58285625
175266760
69175040
5102675
284490670
331397820
56059280
63873720
67616005
280517005
103487855
8303950
126036020
14775915
183083530
63170855
-1
65338280
227667835
82588215
231795095
84681085
227361080
6378400
305719445
341986180
91805970
378644455
145132080
94710410
-1
-1
-1
189543430
21614020
181643925
334335305
322043435
283315145
289213535
123275945
69034225
-1
314877480
228360050
226404820
4579685
359021715
347041710
-1
246608455
351062315
247525390
386117395
34931635
341280800
310434675
284966825
-1
282836310
19159150
-1
-1
-1
142059610
-1
-1
140734510
229103360
223675775
38757785
338136785
217488020
235113030
346293045
218774455
247811595
-1
36789625
263302005
92540250
136353950
119657615
176428030
208750355
122872020
18772435
98683830
151068390
155831755
394953440
384584670
36388840
208944200
361911930
396574635
383636465
222234975
367765360
-1
-1
94011175
280016320
256708660
175795910
263448050
208796520
81187830
348483445
7163625
201776805
151931190
285891465
5853290
150152535
92078335
-1
255700020
182533375
280225545
173465260
95965030
201787220
235475340
194507355
103642750
313206710
338744525
80585240
221867100
113695880
81170125
76122115
281171175
210170470
-1
119343240
41205055
-1
171447035
87790625
266636380
209905275
300706020
157628655
275152530
370119475
37685955
270577550
13829780
-1
81162790
321825515
16692785
296405165
140210380
-1
-1
354779125
248405370
347994635
-1
151673980
148456730
353387585
282177750
161143825
-1
239704875
89477320
77727350
265134890
-1
56893775
20002115
285177830
101703430
57951590
10217475
107074095
-1
160565305
15819500
355486720
105306775
-1
143298805
52804985
-1
74956450
240828370
346654675
199984360
161099325
-1
347870175
6474850
261032555
160808750
-1
353048325
163909725
103839670
-1
4842940
334050475
289939825
287591335
-1
-1
187157350
114408200
172283865
148511880
395895770
283953900
71756435
227628545
396713325
327222430
251407985
187599725
59576855
214917040
33143915
71655765
186541735
9119270
194691300
368616990
108152625
64930545
372211905
-1
-1
373272505
181254740
3101925
137836150
342905355
297099360
252245215
103150680
68436195
-1
-1
38039900
168660750
228024900
394601590
184042260
80473155
34588720
94445230
235096930
103869230
71206480
13744145
36756895
228752325
171389845
191875300
107295365
-1
386638465
26865560
82154065
291101820
370319875
37337290
93987775
-1
-1
241704010
113153760
82711940
128042715
-1
245601735
350351740
131222505
224239745
373581230
27039980
124356965
169130940
-1
10029365
353908385
270914435
27306805
273637565
274569690
188821890
233072310
309768080
-1
-1
186108140
298712460
126086545
73113025
178236845
265512775
196203080
348553390
305231270
199842535
260078635
38547905
375720810
-1
217721220
399128450
254967485
99916015
187166355
128093865
173193580
-1
276220900
5916270
199471205
66104220
105251085
180668510
282478615
212095080
70012765
95897905
189311105
349017555
-1
-1
208455980
384528925
280953560
221156195
112596655
322820140
189923650
-1
360083195
261963525
-1
351440765
262037905
113837140
-1
5316945
124422280
202691305
114375970
-1
-1
305043575
199332290
25245095
28487205
213900295
149784945
-1
-1
14413600
327834570
10088345
118527585
179437135
-1
12769980
53140850
22389080
142879525
189952185
85506145
45362955
377214365
23650120
122587325
-1
375051770
10979140
17286485
50761330
-1
59196100
-1
227615740
219215700
383948130
244069165
389201855
18876355
-1
-1
389725185
170835975
220860640
334740930
51156785
25815055
127492200
-1
-1
395439045
129306395
107950445
265599650
93024250
-1
266808100
-1
-1
191708490
128216190
-1
298474685
260142420
227233155
249362710
201044380
14467365
269207645
162404265
178335540
64156735
385560330
195204390
299240655
-1
-1
-1
-1
376284100
340870915
301073135
324100390
96069130
325284285
-1
306931735
-1
-1
-1
308378810
216878630
285501130
-1
54310320
213366165
357013580
327152390
67520780
332307900
57273225
392940350
399065960
349151155
399135880
194321265
316936880
331801275
24924005
36248780
240573155
272106415
103960445
-1
627585
22691835
67859420
75015645
295768410
255816540
243090595
-1
215957545
-1
182702395
46047915
140852750
265694140
397478230
-1
161260990
72633795
279841600
-1
-1
77487680
65649705
372707145
-1
-1
168541385
308907030
9041510
-1
120103230
271749660
-1
348635970
-1
329441915
213457025
281025190
-1
-1
-1
109982285
243227885
4214395
62219325
158334120
-1
224776480
293414665
234162895
75860850
247203170
393547085
238621310
123384580
-1
183870845
-1
376827690
374957750
316331740
147287410
267192185
-1
-1
20447100
63261300
217524275
87502265
374079065
241185065
220975710
89537205
359839460
-1
279467420
177327485
-1
178069200
313622515
104149420
390732945
-1
259258475
38076005
360554435
383877900
388115680
243597495
154196670
47150425
202549755
313590210
66457255
-1
169686060
-1
-1
29813060
168922070
393313690
242295105
57903435
255202170
-1
160103615
-1
98330835
-1
225620365
-1
146770670
-1
25319685
261074545
72016395
161352425
337743195
274284085
93732945
191960055
31968140
371714445
323078675
157458345
348577785
268916885
816330
61427115
328217735
-1
152675290
258093265
12467170
38644770
182354575
223624065
355348195
55376075
92007930
-1
-1
15723305
260421450
61120890
101914250
44027480
270359985
358412410
351282075
121060720
75353160
-1
9304420
100622865
305935870
275364800
37768025
68226670
337451930
287235695
121941060
379747475
338042785
261535195
109228305
391357190
161025820
169414270
-1
308557630
271028395
355896265
216658730
230275835
5953705
329251150
228379665
200161610
323285250
314832510
320455415
-1
-1
314851535
363467355
205675565
23304045
-1
241540885
251266445
158173885
-1
342594190
383994775
389972955
-1
207277195
-1
210404445
113957080
237536435
189792145
-1
-1
-1
86413205
-1
-1
-1
332814590
186528305
289155280
394342295
24762700
368372205
322240
197339985
84308725
221389840
64446030
-1
333261985
225495985
380428640
347105920
-1
352574915
195972425
253414715
-1
80348420
77661275
178645610
-1
216493115
42480030
193574335
320639950
-1
10220595
356239595
154140250
113938365
298220535
344871300
329333610
-1
-1
106637970
297282470
19470900
-1
34781790
72842565
-1
192987855
205037910
197349235
347635380
268664110
-1
266815665
78482080
-1
65717625
100470550
152864390
358686990
-1
10165730
-1
384501135
915085
328855905
310257905
-1
-1
220966225
205205070
141984110
-1
248178735
-1
-1
94852645
-1
222138310
-1
174368275
-1
126404860
198248210
396231915
71820190
147151210
399965385
391292630
340422100
330555125
-1
36271110
238497595
25321000
165080655
279338925
-1
336297875
35703240
64813170
210004340
-1
93039235
185266370
103221155
381580805
204085270
361924860
283210320
388101675
39663015
-1
144327915
117285470
202930250
212436760
169440185
140701225
-1
245996800
5047630
61767720
120422935
264149320
4905230
-1
-1
117765495
36911360
264995460
387026645
124803530
185338155
296226260
144681260
52458640
207427640
364893700
-1
167663045
-1
72723025
-1
341356700
30202330
-1
195690650
209632665
384165585
337801750
-1
122435680
93930360
182425545
183251755
170597350
251980450
69908995
184930955
-1
145500395
67163540
199102460
143851875
12820960
205924680
-1
147609085
4828940
-1
61151150
140262910
68635515
-1
63765525
242467370
106853505
257868250
119813340
-1
347689155
384511620
11317885
170802770
107669480
60665595
-1
31707010
57460385
21739610
-1
78299615
57870005
347565820
-1
279224055
311310030
115497755
253112625
-1
-1
-1
396224740
200930495
-1
217318955
-1
137387440
63571720
169525705
101136790
381623910
210383645
220758705
113934255
333390000
229126920
-1
-1
52276655
-1
211782720
370560665
193176685
93653440
62598530
115130670
232394215
-1
235671005
170185450
132773310
83584645
-1
381134285
280905735
89148585
331329375
-1
204269625
22035250
-1
-1
245238760
-1
152943560
-1
217026095
295734195
324985905
132111830
259443485
-1
-1
-1
309939695
242091540
307374710
341311825
397026830
-1
308584270
45268810
328765715
368025685
-1
224990785
-1
34256100
268647535
-1
148653870
189982050
-1
-1
244588375
139042320
-1
58567395
-1
363988005
358096595
-1
-1
-1
134729570
-1
223276755
131410925
370136820
199902635
214885780
261317080
269237935
290697730
153772250
265741630
304466495
2247760
67404925
121194315
374559885
107345340
234678195
-1
-1
161719210
24537565
289248740
345012320
17582555
224467210
357327390
92425375
104949825
174057870
-1
65001920
84059365
53724620
117261365
7058020
214400565
167676820
250047605
398869785
-1
349538150
393795030
-1
80308225
184656655
157970205
-1
183155290
207886245
376611570
267545920
-1
100339730
242640230
-1
-1
24151400
334362860
174045285
348835860
297425625
316851205
102721430
-1
199325885
268599525
170437755
314676500
25532475
376601340
118492725
24944175
198367665
19625190
387310570
79383825
-1
385751890
124100680
3575670
51649380
235702890
-1
88057095
181636445
-1
305996575
66768125
374632530
29939300
170546375
305805050
29446250
315008400
4814330
203863175
235281515
108878350
130079915
69303255
-1
138823280
256790970
120912615
388941830
216449710
168945310
22013760
-1
313286105
190180605
45752280
148233520
365703655
-1
-1
-1
32000375
66615605
166232645
391503300
245231025
100166955
135222305
105823845
213293515
363719730
88075595
298886085
-1
75827180
114125880
-1
57850255
-1
-1
319228555
396206270
-1
329401615
339412075
-1
-1
218892980
255058180
230406660
392414920
337593045
303748460
77839210
226590005
177102275
220791640
294954975
77226455
129413650
286642265
-1
-1
215222145
187401790
-1
316825465
45887200
263011495
334205755
354122415
270525880
237699095
8698620
390262725
361465710
170291960
-1
359805850
54232460
318877945
171298830
266893940
150154670
261801605
243348460
29007945
73708200
384707550
-1
356529880
-1
206696150
156187685
119309390
-1
141125705
342288035
9528145
205371145
267153595
80409195
-1
51824805
224870670
123809850
-1
172031295
388411790
-1
320675900
267531600
-1
147342125
376875195
-1
-1
138929360
29121780
254895315
365490395
-1
-1
175426230
249730045
305461475
246779575
11909870
-1
-1
360527050
98328160
368567905
249017220
237515425
35561290
-1
-1
226200425
312732915
262013750
293543280
266888050
255876800
169537995
135250325
344785725
348740675
134864575
125806095
121511775
207528720
399149685
58046860
118714675
187345800
272978130
242168730
-1
98423315
248602305
320103575
138737515
-1
159621005
344509910
43557480
136268935
367319940
121618265
231110295
149201940
311697090
150442985
160329350
358636195
319015600
171195035
147931145
303769270
371598875
106134035
266063250
-1
177370350
287303620
351413400
213512315
332120560
104540575
48521920
25121465
207896615
61955965
221178895
-1
51659265
396876880
266961050
243338495
130376365
344399480
-1
184333710
-1
360642160
86907060
274037075
139312735
50841490
225979220
298205950
150987140
124341170
281995965
172323830
164104760
333887815
42839480
166398870
50271075
100530000
-1
291706190
-1
233325450
96891350
-1
367874090
224240760
382895900
76996120
189146630
-1
-1
297033520
-1
314395965
54597700
275215820
-1
380581440
206575175
130654940
275681755
-1
312397630
-1
229683115
-1
240526100
376944085
-1
324111790
81379930
340358155
-1
278301510
180258475
3860905
161969455
75102620
265941950
112538435
227429995
-1
40065925
238708150
333040455
138702075
241622445
-1
18443340
346070900
118888035
394720640
-1
94996125
-1
-1
-1
323111810
382255440
337286625
133225015
641050
231423595
328485350
389559440
75652200
306732630
-1
1480385
383194490
27351270
-1
26724425
45988200
83172250
258477150
38195415
265985425
299897005
319585950
260554510
-1
-1
128354225
394068680
109299620
377994685
-1
-1
204272830
216410350
317719780
70752960
36230915
211369435
29250465
100735785
225980140
203524410
397984095
261994945
102482965
-1
337207710
331437940
45002845
115236475
192045510
307395020
108896850
73960925
121824000
195175205
145082965
95735885
159161310
372731795
137473755
-1
-1
75287795
38567115
143950820
188762750
146541770
1753950
260798645
10721630
231645350
255912875
-1
272485285
278707630
292784135
318634555
287622515
249888795
266418510
159754545
172530285
327825375
-1
106921795
144447550
2340990
-1
208359795
353377590
-1
-1
-1
300906115
279989060
-1
124268525
130551820
342265030
347922835
116820485
44845940
218193810
9477335
153282705
71983220
245062205
54728070
177903905
-1
264361380
237579330
7143995
346236620
-1
-1
187589825
275217670
-1
145680640
-1
326101060
-1
329212090
322675480
-1
45064590
30907520
308962730
390455145
257525120
-1
282011075
211938640
211872290
42121355
-1
335067170
145300315
116083460
198537265
-1
130891065
227743050
-1
348288350
117232205
139877595
8845810
67258915
133114525
-1
124504600
200792140
81210305
300054675
282351285
90531785
48218170
258981200
226152005
123241080
255533455
355808385
239877840
175544975
168086490
307451585
173709505
-1
105560075
185931450
-1
306173235
222722220
-1
8884270
-1
382502845
38949405
326722170
-1
-1
337532760
228618155
330846140
-1
-1
53882520
24857685
267935005
-1
11192325
-1
75297205
353521575
-1
323369615
-1
-1
269868280
324004130
115207480
126382490
143341260
356513915
100029450
12646670
-1
245155495
-1
198126545
225993325
122197375
159312970
73774550
371611570
203731040
201465465
305274740
36146650
137192565
167840505
254609515
175500830
211064820
239551010
191814460
97565460
-1
74106460
-1
-1
292248770
233598350
-1
82450600
145247420
146673460
83411145
361338285
125337115
-1
343250385
112678705
198683905
-1
49373295
-1
-1
327341765
82661535
130890025
186481965
107386690
228772820
168475285
243380705
345502305
204865360
398958905
-1
168781825
372221080
-1
-1
288859275
-1
-1
29128340
185396445
227190645
307061935
47876010
291175060
294479390
129140545
76001160
-1
108729825
334681375
373370360
22504260
-1
177885990
59963385
61088365
52874095
301912560
-1
220304090
-1
175509880
391009070
220548395
-1
266708410
242154805
167912960
372017730
65795820
135036530
124765950
87246570
195206240
244711510
232443705
-1
398789200
70479930
136692305
284415725
112585390
-1
-1
52792580
387210835
88038940
287536170
177572175
200975705
175012695
278465925
113479860
120539260
152146090
118434765
81470095
76637820
261938760
194563665
-1
303231930
316532130
-1
205190295
113681270
81123795
349582355
13212695
33331065
141643105
107767050
164803715
-1
164792435
117387880
182272040
371654140
348682935
310956835
260881080
220770240
-1
-1
260212860
14325655
288768585
216176855
100242105
155573165
25475970
275010010
30077710
-1
234024060
103919640
240284805
69697995
373695420
101712530
230622150
279336240
332571670
204441155
103787350
287149920
-1
-1
-1
368107765
381987350
-1
230932285
235066130
30256715
9330630
240347615
96316825
72758485
-1
-1
224538420
33875425
45970350
5403565
172974770
33070230
241419600
-1
-1
-1
-1
373137320
-1
156643295
64546445
394343170
266718240
329617660
46620190
19329830
100848735
-1
-1
160921935
24960075
378954545
307001875
151293685
-1
332723310
90788800
164623400
314955260
125542230
339636980
43397540
89571825
131111085
143298905
16705345
-1
382705765
-1
210747760
31971025
195878125
214791040
36081715
65522340
22929045
252451795
39606000
261215905
249314335
398911600
29359310
150784710
-1
213253870
374770875
-1
54661630
-1
69230305
350559275
181568180
-1
-1
-1
310942995
17302765
15132800
185273300
231764970
177744210
-1
6584805
249607945
88683355
-1
336270495
299205690
206038860
317325705
-1
247939920
217722805
271924710
244871930
313850970
43426385
364572930
338433185
220175650
152097055
282723355
288604195
398877840
60567645
135627135
161921290
298182620
273734080
164473420
-1
-1
143390460
388213860
-1
-1
133756970
250784200
228716375
334133275
-1
177181995
210114595
219457195
389300125
339961150
283135465
376241230
175619735
231079800
235438310
272804640
96561530
204124485
89881360
-1
239074675
325625115
249674380
195159490
31242380
-1
310192085
150522215
212082910
53162080
389997395
336822505
386819905
-1
237220135
920600
205888705
387897180
-1
213468770
-1
264931200
397191510
67396925
20937375
-1
258150985
173193980
298256340
159501010
202372610
-1
258789940
229475945
55668750
-1
-1
240581920
74227525
222081185
264285575
132913020
26511470
155973630
178703575
75136960
-1
198395610
67938095
242212520
149941780
-1
197162875
114021520
272387665
46103030
161979165
361517170
44245475
302228270
192517555
95725080
-1
161653015
98460400
-1
387180740
201862195
-1
190208275
49975875
14422170
200988360
220418685
-1
-1
15480505
74015605
172450255
-1
32121095
93915355
196270240
339299840
37822220
200266050
169598980
155081010
278456115
392089980
247402695
19817395
138893770
233331855
348299375
31486235
183617435
130953440
-1
72632240
234678325
-1
-1
96630045
153754180
-1
242478150
-1
352670315
-1
261413620
157233090
21694160
-1
82454595
283351490
258762645
225047340
283656830
-1
67403685
4333450
316013485
82564085
-1
-1
61370755
274489795
365956465
271988090
368105070
72709010
317425825
173700570
134114280
-1
277979180
297552135
37198210
32523620
398755165
-1
238581800
-1
46010670
199940775
250197235
-1
140315320
13467470
86955765
-1
-1
251967750
294977520
138593640
-1
281835755
255215815
250193105
-1
155773750
-1
1184140
68966110
380725085
362338760
-1
40760720
210935670
83864625
223826890
-1
184711025
340287630
209075005
358687870
159771590
180440775
399999550
226086995
19809475
-1
299332460
316578735
188763225
87675925
147951135
284718765
43724555
243865655
213902745
160439980
277731500
-1
140116115
394920370
152657770
269619620
-1
236970770
319327815
130174885
86990740
69186550
299560080
223885125
179415495
107558135
-1
374628870
185470555
94972045
-1
-1
218753275
152054385
370998315
44426345
372492460
268452600
-1
4518340
381287565
184735430
201488960
50736305
-1
182142965
246708685
277853755
199246140
-1
106642525
14797910
25189055
-1
354606935
273423425
396353230
128355755
-1
226020515
-1
-1
127723135
10245020
118626810
-1
345427220
215773040
255100515
277903365
-1
249593400
389120240
-1
353482710
166169395
273503155
326841665
229433155
-1
-1
393935835
305644220
304302815
27731585
1120565
292565085
252220060
142891625
-1
128203325
-1
230350670
-1
235802470
311863855
149309965
44568200
206333270
-1
114045020
-1
276908230
-1
343460015
200910145
104747160
239799105
-1
-1
237560120
378824590
23926050
87349115
337701895
10844570
29764815
162689920
241338100
58790895
161392635
308428035
188472250
304439055
84264435
130887955
125863950
68013055
152867790
305272760
225883900
-1
-1
297140085
386953325
70907030
176353005
335781440
56072275
-1
170286470
399138805
178417040
111131685
39947275
194830870
399800865
-1
309822750
-1
-1
11508705
353041025
65163250
-1
-1
227161125
-1
124756775
105637475
-1
206892805
185461895
40154515
171388400
265184925
18977185
60368155
281949215
386055145
-1
357471095
256957880
272375705
244996105
-1
126879365
-1
56228250
105096940
381995905
178123520
298772170
235666865
365152200
138251455
118866295
372364115
160859575
186190535
132948730
236910845
134140415
151664365
380343145
176379975
225923645
199845580
-1
168460280
46989810
298653960
-1
34745
87679955
316247010
149490030
86632730
244610355
155115360
-1
279356490
99928705
158576225
-1
100823515
-1
173520860
212167980
-1
-1
-1
227474205
-1
164652980
364567980
300047360
254639370
-1
130898345
172221245
209723965
83979145
84170515
75717975
-1
128770270
14491400
-1
39115300
316362195
320712775
237949940
375697420
-1
374298055
-1
61829485
212716155
233420975
-1
160434195
181000525
367440105
101630185
346921590
325902550
341738895
60694065
333320400
96160930
389902280
-1
378079935
2724060
5770290
106541820
-1
-1
233586230
376623680
152390675
-1
118469130
89416210
86088045
250959480
271752580
165686195
174792045
93508050
85349965
374044800
243708050
-1
101008255
198204375
-1
282117805
254411195
74962100
-1
310777375
290059145
195867645
225841145
153384775
256488295
262772285
-1
311587310
-1
175296465
133449440
271863210
104737260
179702885
375311570
288609620
386403745
193080695
371078570
218223945
333981630
-1
106930385
286285505
111471235
202869135
23842285
264946750
-1
81337305
-1
395787920
-1
141245710
387370050
-1
142972440
-1
61653465
271722710
134658525
279869375
-1
293570130
274637105
47409460
339437125
135410955
263331285
358533775
271374480
40691925
196981500
1491650
91910785
-1
337488770
295755395
305573130
269986520
268548615
282911225
15604630
14634270
155112785
40261330
114972620
-1
136801540
251357230
229992915
240196405
59908805
257718540
359817870
364716420
248615945
-1
241312755
286348180
5837065
270550575
200252475
260624030
77269210
-1
234803695
110980145
213051335
384415575
-1
352346280
162267510
-1
230640940
293963640
271552765
-1
-1
-1
61828565
-1
195705905
1937675
295661315
230595930
30227125
92732590
101631545
295826870
342311530
304638500
69340260
-1
284442790
6022420
320828265
495685
100633545
155063925
91421675
174953950
361943485
6642715
222946960
370256535
147327605
-1
373000695
-1
133141150
21216820
94871380
-1
-1
-1
164164275
310851745
-1
281693175
302644985
57312320
106727090
127411145
324647470
137509010
118437755
-1
242402540
333021240
98642625
41097550
61082705
215516360
138785745
-1
105500825
48557810
84520465
217188865
369417695
299301705
73499760
-1
-1
360602025
363159335
12200210
303392745
7064500
-1
195088225
47034640
252653725
269803930
230911615
322859570
75550130
-1
235585400
209412745
-1
199515655
76705575
391814955
250666110
-1
247278905
84869640
393768915
171317995
26246580
346001115
321023580
284313135
-1
299392070
-1
177716230
389737990
-1
1534930
97082355
232663590
236075605
154148985
89975375
211295450
272006825
396289615
92977740
144463430
-1
124887890
39504995
77582140
-1
240405080
-1
389663785
273468875
349719680
396033290
34561645
194491365
-1
331447540
103882285
-1
191794030
1727585
305045770
68832745
-1
333792870
-1
325100980
-1
42408245
181356115
388317280
237750
392776830
325058135
6868705
72875030
55930775
361438330
141014320
362231070
376299520
-1
154652060
283948365
179223310
-1
3853370
298979415
-1
77680980
173809395
40163505
178928805
239515090
108164955
371890055
224237300
64947285
315839700
229748980
-1
273369015
229362775
184779585
27263095
306006190
147274415
198342030
-1
124509330
-1
80544075
107348810
305037590
278996390
101280320
265872080
137761575
269144690
28380370
351196930
14497815
3552855
60476745
33376005
249040545
345200955
324610210
333256185
-1
-1
329874340
375966290
-1
77947620
56033865
207524295
360564030
139307300
116998405
345685825
-1
328227720
21687265
-1
382828075
350893270
28666845
213698025
265592115
289935195
-1
398398535
-1
20291355
293693425
44475425
-1
347018900
356294695
-1
-1
238962480
268682830
-1
208432960
252318315
269969905
131802700
295764265
139172480
-1
-1
174599950
21011675
377060510
56266075
56110255
76118755
230587235
148484565
250858175
9029580
222720595
-1
340514415
-1
153132790
290326945
66592770
288719930
398041815
120880470
54305095
293101340
64022320
203025495
341810195
18347540
266803070
264696060
323347945
-1
274168925
138253100
198903095
52678850
131749290
-1
-1
210377210
-1
-1
-1
285782670
52351760
122985220
358831840
81238195
186895930
28791765
228550390
-1
62623960
255743530
94800590
126225375
349860495
382606325
216583895
118879250
-1
305354865
293169515
337278250
168210825
191435340
155730405
817435
281393015
285494420
13609370
181595915
181708085
322839840
132667125
20120715
332764565
321120485
118303995
392012250
-1
216418675
314288615
226800055
231292895
-1
294786555
176317345
-1
392922685
120952235
-1
56447025
369146995
-1
-1
377421455
323078615
268007855
242870265
391607725
242675945
241834715
225060705
41596870
383001265
305299485
222240595
-1
67631225
39168450
-1
380227410
-1
69315995
-1
-1
183419405
148594090
250935270
-1
70202065
139608000
-1
681310
163935530
229822215
347633395
271930255
282187410
-1
35381690
296815360
-1
-1
4372930
309462440
66095110
292836655
385178030
23191295
-1
13413650
-1
240057615
342802940
18815490
-1
354778025
-1
297410560
-1
323914380
393009650
-1
117672475
297748620
-1
253499330
56746730
302548165
339547275
280345745
252847575
-1
-1
303456925
134781660
134766645
-1
294581120
-1
194656840
136594725
285513655
58434795
143595290
373951070
349373885
-1
290789090
352042135
88672630
99611230
249710145
-1
276352995
172742905
201961360
13694115
394688725
220327430
381254810
317182030
272982360
-1
240772745
331225765
66106845
281697175
57054790
396094890
22850020
259268895
237722385
274592500
299062465
296057245
276416985
54289380
-1
261052315
342814110
346586525
-1
2024175
323889425
361505290
158189965
205497190
300831120
-1
218714800
301997780
118916775
-1
-1
113139125
6705380
-1
124556250
94988125
165864440
289580070
148427955
357921315
353098885
354921835
151536915
-1
72930055
223543170
175601660
79483410
93903950
15945345
19203775
-1
294087800
207074035
223459950
352754525
11066425
62038930
58274735
-1
-1
256925200
182805590
45406580
397330025
73860525
30858785
-1
238709445
118429040
121218120
-1
357478910
195983405
55629260
369556280
232164565
281043255
43800105
265268485
379582310
-1
296521790
-1
161422620
22798140
61881230
297199085
376067545
-1
123516140
183207825
105664735
260153055
241824585
100219050
77822805
60945095
-1
90491380
73167700
44187835
-1
-1
367655035
-1
131776920
316533575
315080890
319911025
263122840
346665800
314203470
-1
389381720
127484715
399984595
-1
-1
9851215
28406230
-1
-1
237281695
34200495
14409685
331494170
173738755
291552900
21295905
69140790
-1
64797370
82045085
-1
232221350
314599940
248008380
114736705
-1
-1
259704880
132699920
145763620
143738365
-1
3227980
-1
34423970
390333490
314248585
72368720
277570350
-1
49671825
-1
159352475
-1
136306420
118528555
326336220
143277505
332296865
-1
111482345
100012955
362340435
287990070
67538490
306933585
-1
-1
156156775
337479370
-1
371129605
127490715
49054560
352237635
-1
370514295
-1
-1
58939185
79360540
-1
390905155
38977675
374647655
141300800
82823050
108572715
235039315
259253350
375251915
-1
192127470
180610910
357801995
157301640
315280800
153924175
10187475
251082075
-1
197962610
75523620
91830650
270157100
98880795
305655400
44501115
138606130
245103905
-1
190937465
-1
-1
62651495
60678910
218354185
166127020
183665370
-1
396948330
101892705
268411405
399934780
87281720
14190080
398987895
335189175
154395310
293464200
56358755
125315285
225022950
84954555
89143170
334532740
-1
194301265
-1
300496625
166375040
302076430
267966760
266459370
177357340
385465070
-1
206584585
173131170
-1
-1
119274785
-1
324957870
40673695
339849510
-1
56485705
236578885
53198605
40926380
255746225
158891720
116807995
292112605
325629105
202694965
190671305
-1
187782875
-1
60249225
163210450
292953990
284195000
359022045
77386660
129119090
239319920
76953855
14763150
248789050
138140660
363792710
107676205
174758920
288800925
294826850
166960050
-1
182794470
149978255
340359070
62906110
-1
324460035
-1
111978000
353136910
254703580
138626000
110326535
374610535
275184615
87014020
257327145
-1
312326585
347500080
285520910
2942765
343662850
-1
-1
273698515
165340410
190881380
-1
84922655
362246615
324351875
391628255
323808265
70369750
-1
29258345
346645560
4589480
119782245
203139245
198329850
19441580
390893125
319393350
182653110
250963475
141151660
376396555
126083085
343904830
213915165
25098970
313798085
374330250
-1
324198105
329711365
167701870
129831245
281482045
39531455
299701610
-1
140436815
336698110
325590975
277637495
60557265
103936185
289471685
225816255
324192165
-1
4556305
-1
328549505
17782480
396555565
175968455
-1
125399565
324545020
50397740
32425730
184296150
-1
101142810
389994330
200512605
360858040
37753895
-1
175669035
46076370
233544290
191662310
324004295
73653510
13018685
166176215
99096690
86772325
146035615
130016350
141032900
113152415
-1
267601010
316299370
97214375
44409280
191579435
290460290
298441240
85413175
-1
233851635
-1
163134365
224318335
266640775
282534960
154139275
231348715
-1
60522365
297373200
109349425
379804055
236521595
5890455
370824120
-1
152033495
272459330
32105315
364769125
6269625
127281245
384891805
17412305
-1
161117605
133076095
-1
173062170
254935295
3524240
364202825
3058820
278575185
-1
-1
337665110
177666600
14544615
-1
49511615
-1
-1
-1
234169580
-1
-1
-1
122201835
85549185
15475720
285292125
153833100
-1
232540690
363403245
-1
215936760
96438920
-1
357732910
115437880
141832030
127353580
291466330
69215080
296023690
157858325
-1
351597030
102641850
330409215
217283465
96229810
55805330
-1
-1
206121855
-1
-1
287929760
-1
215769910
-1
-1
315415020
-1
-1
-1
204186105
139715580
256590405
355683940
-1
352046060
213080095
240085755
360637365
332813045
63395475
70795630
219611880
-1
57880440
68912675
290681305
32352455
187413125
259002125
213277665
-1
-1
139599280
35723915
26043375
92368990
20730820
375417445
193899010
56672230
-1
265551275
179879195
11187265
47353265
-1
323498510
188979860
-1
163260320
261617620
142837795
144699030
-1
20206820
221125865
86519925
26284395
30619035
28486540
180426925
384143810
354836920
98365860
-1
380884275
150859410
-1
141740975
328965310
346166820
33740880
171440115
371042775
-1
265024925
153979510
120684235
250647550
57390850
343987775
276745725
-1
133881840
87564325
374442750
108052055
307759345
341097715
244284630
209715730
94711950
89244810
-1
353964825
68720090
276287730
86914780
263044505
285190545
-1
234112660
328820135
245605145
359785825
100953880
121470430
41377625
-1
67608645
-1
138594490
-1
59775885
-1
-1
383455080
206632550
-1
-1
51800210
244485415
340645400
295906525
14087095
-1
265129920
184400365
108882255
352994815
371557980
94879970
115124460
335116875
150836060
124441025
-1
107485900
-1
189219490
2391285
291664890
61847285
74397575
12866045
115002745
-1
349276005
253538510
243475500
381096125
137748995
348859425
386960155
-1
2011405
731120
206403180
250951160
-1
361654350
-1
-1
384908615
86725620
181650175
-1
149230755
18671570
-1
339227015
114284740
140751475
306544340
21561215
148695075
85664305
13896175
-1
375159600
261067215
164863910
-1
391270105
164717785
42104325
-1
-1
-1
-1
397255360
360551630
70431595
369561620
-1
190938125
241629135
233803595
134022490
-1
143368165
94877640
284351890
256139985
95110485
138188995
384191950
-1
185288175
7054930
-1
217670390
63046170
73385215
151526505
-1
182636390
59463395
206001775
193556175
-1
283169490
263439625
-1
187786960
322433335
-1
60856460
147077335
10481735
200949855
308409875
243669125
3916415
-1
285331895
-1
341719415
142358640
160557495
96058890
296673720
68034105
-1
-1
164443660
231190250
312313265
362858935
13623680
-1
79456835
275743915
190036920
148797805
94627580
58612235
138132935
160351595
177150600
131367305
254594365
64260825
-1
384988505
84803385
-1
-1
150068595
352237425
151687795
-1
210795410
310599090
256528880
46302800
42164190
293798595
-1
12907485
326668485
58670940
28136240
88207070
67067380
376542070
104925760
147859615
-1
-1
104785610
372665750
185323010
247569905
272770765
21038410
381265815
236648755
336330445
11918350
55623090
193386170
35925270
100777680
-1
-1
155137700
80957585
395910390
323616335
-1
344640035
70276395
-1
274360755
299002430
347161030
99520175
111470565
71357710
356122010
334640270
-1
194944505
-1
308276605
42039460
5773225
256951095
268968300
43697635
-1
175363040
225263185
391600800
59584155
194807270
52731665
379335600
-1
88799655
283073790
262204465
177755890
112812895
315857230
29291465
299851125
193505175
397255795
129400325
124683680
109317550
147579145
349217200
-1
-1
212502115
155797245
395836030
-1
236300130
210740135
205162545
213744880
226896780
48131365
202643395
360563130
-1
232951425
204861770
56388370
71165930
375442355
378692670
93912585
270313840
-1
161329725
-1
-1
152600170
263032955
164485490
32534930
-1
-1
-1
-1
48501335
274126515
-1
159247925
197763190
346559480
203049340
217272165
35692920
254309460
222332390
82305085
127942975
344199415
-1
119553135
97318320
326571860
51928430
3919240
166445085
101231190
-1
141944965
10470335
-1
362798235
-1
292205120
138025475
-1
83220905
58141880
26307740
98321005
154546880
9734245
178796730
139980655
320073845
-1
250322060
147721810
65269040
163816850
136819700
176392225
200081370
49806410
100729945
309041980
2001325
280699180
-1
275280220
308084260
43351800
11009900
188861110
207242770
387340975
-1
-1
269966745
185963570
-1
360878695
327021440
315473815
382985635
262837415
337996840
-1
47759085
291917715
47323170
155734335
101925320
-1
128859250
-1
-1
102447175
390602600
286338060
227960655
187950715
241794850
203101520
240650745
114135005
299067475
375033920
288124805
387263590
244808020
20992945
41181540
229311380
296628440
189246255
266718560
322095735
153248420
229733540
-1
291107805
240486080
135504430
-1
384144385
-1
263892035
-1
6491100
393326995
88590915
202724755
69849295
314571460
280128990
-1
87192780
230393915
95178360
60501345
141688540
59914470
371402440
167080065
-1
39884245
398540920
-1
316670455
284463200
20729080
68942815
30780925
96649055
-1
144234850
137044850
374653645
396373885
147461825
391466350
139047690
-1
95068285
243025050
166320765
135915540
-1
-1
376019270
101137345
246860690
330768000
98140470
390697860
376195420
104388115
-1
389877950
41963425
42745580
382212615
-1
123825480
76224715
301095620
-1
269052710
-1
314223080
94158050
139481275
311604200
146278475
162057900
76120565
206464760
134710295
215037900
384745500
39120635
130859620
58814810
371511460
106237505
109359990
73836010
265849170
363513585
-1
-1
227585730
141500010
-1
192268115
-1
123578590
225783355
283958450
317618950
398413100
384434365
219315140
185931520
23701665
-1
263498165
-1
188036055
77386265
288342030
105649995
112226030
-1
321050770
111029205
228288660
-1
-1
181799260
121931080
6038830
-1
78252330
45174150
219366760
374084990
89985985
9495350
272464960
282194700
59081795
-1
-1
166484925
61756015
304197835
285108445
197668415
38082050
68470490
146127620
207218205
-1
123120290
384280095
125910065
-1
277316120
146217575
214352850
252339250
291422645
57147145
102332765
188341135
390868680
364526785
-1
326424485
381035375
301659270
393602275
27465630
35893645
-1
189872765
68819540
-1
124608200
297532695
106808620
204560940
146484645
345972180
193357015
169807110
380739175
92111130
133963260
-1
378497715
51809680
222883795
269339660
391571555
-1
397745015
-1
304257145
95946535
129023390
137867800
-1
-1
383824485
254786195
256376070
369051130
-1
4790950
63751865
196509140
225385975
238606835
287034190
106863005
80509150
289226630
33544930
363010550
361892720
-1
309173390
54574300
-1
145433520
183613620
273650130
128854835
295642030
92532260
143641660
-1
229954940
334103450
196448095
77268890
272232310
314409470
-1
352503260
303454480
398334555
247850100
210548100
40454165
-1
238510520
52304775
-1
93386555
-1
-1
320781420
5873640
277975600
265633190
-1
-1
-1
-1
174244855
381794300
215354805
-1
177428515
283771460
-1
220915
81595925
262179390
207765365
257343180
221086825
-1
48525040
93618595
23960470
379567210
272468145
23506570
-1
150077175
-1
35959205
353669710
280898135
226986485
33557595
64603770
131325475
180939095
373606860
124179380
345595670
338313205
26034945
275627360
117675990
106754280
36235005
-1
117555730
46896555
209727720
246386000
-1
156441100
319995340
-1
5921375
359655770
-1
-1
76958035
-1
152468955
-1
317596650
224145290
7120230
244096550
198335060
264188760
-1
30718630
241662730
55194955
121155360
-1
23960850
-1
300424465
12534965
42221565
392732855
-1
76219380
30703925
392472980
133407105
229133000
271047030
14226800
334043325
78994350
277206680
-1
231295835
-1
-1
172074310
215985560
281551130
81515560
295372320
319010745
337986160
254244875
150087275
132947550
265100275
301912300
293014815
33669955
343496860
86243030
-1
394182080
390767510
-1
335075845
-1
277107420
-1
-1
90484870
383024750
3459710
167911100
279541715
223701550
149324920
277465270
392874750
145832320
256142060
-1
350302930
11358340
93960155
399153020
262683050
367247855
253856400
144901050
-1
-1
81525715
-1
226256925
-1
-1
-1
55663630
182621620
-1
128453290
-1
184667235
224560240
148781470
227660910
229804730
325323555
144885550
150539165
212099405
-1
109375235
302017290
213260685
201834315
325208495
-1
219132105
98188035
348363300
189770285
40536885
121397560
212500515
359675440
263617185
266899315
330966465
29038820
81515125
114342170
250267435
165798020
218842910
334200560
33879325
-1
5460350
380206470
12672940
-1
323013590
361140520
181961915
319097690
139248965
57677810
226950625
-1
-1
58110475
347342120
196471460
-1
-1
-1
253171530
103449160
268439045
384566760
300686730
105461290
350629990
-1
143765640
24691230
217133705
30681315
375960730
309733275
-1
71908635
-1
-1
12142505
120016755
82870095
385276305
58363455
-1
367661455
-1
-1
217782810
309954280
159268550
221849335
-1
254159890
239473680
28694330
-1
230885270
182799285
73864715
326134660
140138175
33999650
71553500
148829480
189033915
77259505
399643800
59112890
-1
225773615
143540270
142706855
-1
-1
347853900
-1
301289440
111845315
335871630
-1
359730910
98080110
-1
222703560
24710795
21738005
34986490
7384790
159002900
9899465
29003795
-1
1496810
382389715
-1
364905570
130359440
347486425
69291860
-1
-1
363680575
12723525
82488990
381140340
154123910
294014615
2251900
78752585
128818940
-1
8854295
78914295
94536960
97476800
306654745
-1
-1
5857330
-1
-1
-1
120688245
337698440
81751345
398344755
290385350
382525245
241240780
190223680
-1
69329465
273035090
99676990
52003800
123307425
-1
63341205
151710295
305974115
163614440
331957570
-1
127166265
136113570
319750450
62849020
285178815
204543515
-1
258933000
294938005
114483880
4164585
250720885
180061770
342265610
366005780
-1
51043750
243691580
19537015
146844910
94161130
104664960
204808875
74779695
-1
-1
236615220
190575400
217094345
188192510
340031265
193895505
161270740
-1
189206535
196629545
378076985
393086260
19990845
-1
295897990
321840210
67930815
376324785
158410430
23037380
6897125
157668005
155350150
-1
256641165
81372240
382426025
142742200
67537220
20853220
395483015
335876150
227458170
100692780
46894030
123994470
153159670
159478210
399521765
-1
239856110
329752090
10141080
258377385
251316900
293529110
-1
393663680
127952130
-1
89457285
188516945
-1
77522645
44080375
-1
-1
266833210
-1
172156180
327196000
218245025
167725280
96151655
320467025
-1
-1
36867880
218989770
61688090
172476745
270535285
77696815
283693025
170825780
65683230
248472860
5714260
384967785
-1
159013560
150425875
312052255
216470310
-1
48672300
147914330
9555740
31550080
-1
56524890
264293345
252058310
258586070
-1
11887630
-1
210774520
60307580
209017515
10849475
-1
244642405
55282410
283524620
68142220
396573035
89854970
53529415
45661565
125470415
81809675
363626995
-1
-1
321094670
203676450
275067655
68830610
107609745
237327765
227463980
374006120
39119260
151120810
255916145
-1
324143470
358893250
6988145
-1
-1
333135420
322207115
210014395
254795365
23010240
217030125
42235625
324528375
318727290
169208350
-1
366214680
244517985
353524880
167478160
219168225
296732435
186949075
259887595
-1
99305775
217842135
232413005
233501930
142306325
261853905
233025320
234079745
-1
387063210
284283485
212069995
361255140
46301935
66425975
-1
70104470
-1
192288950
303964205
-1
204555775
-1
-1
21452185
-1
30681585
111809690
92123350
72284605
354835835
-1
253772605
300784360
255383695
180050190
180547665
99107570
102048840
23868595
236524195
212075605
-1
105274050
127718535
57208175
7529530
-1
166075175
226985255
275288615
242343265
89859240
361668870
81840200
53597210
377931165
186515340
195935685
16061445
84736900
201012050
268435835
69347255
334263235
-1
-1
-1
87395805
245702100
102074055
317719420
-1
163072165
-1
-1
71926700
151013385
-1
367123355
188553695
333860680
396041500
255696670
166427460
129180050
136258380
373808885
221738435
212615610
398989395
154675825
321471945
-1
211971125
-1
372315455
55851175
33987830
39192750
-1
16684800
-1
41504095
104349250
31166325
137522070
176073655
189335915
119972015
97672365
-1
315259900
-1
256000215
96498050
-1
96816260
151143685
-1
18200535
228783765
86202280
224915960
314242990
77906475
240977240
370733315
61865815
102081510
399999300
-1
27081750
-1
-1
-1
185159685
108735605
-1
268842460
368339640
-1
376046035
217916250
322499875
-1
-1
-1
110842760
329130155
-1
250639380
-1
152821155
-1
321455680
-1
5966820
-1
375077725
-1
368947305
188413320
303422700
28501990
348806180
375224235
362392625
322886790
235893970
373137495
307796975
338732960
320422925
222611155
252213245
-1
104259740
18506865
159917885
319923020
372265
270973595
80361665
338883845
321556095
32001675
146737960
220108955
140377145
87585970
57771625
-1
235235880
99996110
179846280
88458800
313893280
-1
162926605
319298440
343899770
238389975
74173890
374855535
167217420
-1
388951790
343387005
274455460
37695510
370126690
-1
25256260
47978075
288439375
381829285
270930175
178391365
80450630
-1
168146235
140448380
95643185
29989590
209200595
236080350
109550080
307980520
231658185
148505925
104687075
305519465
-1
158319295
315359330
161311240
364005305
116312870
58793605
-1
332111705
179817915
-1
156310635
73793300
-1
-1
529200
107971380
-1
-1
364618690
28945835
244579745
16342375
181856405
307653660
81073500
162707050
172539850
120817610
11236770
-1
136683975
178952640
376500555
139026150
74641180
108627315
158948270
200989200
-1
276726330
44714280
178636765
83945210
117551790
26113115
-1
370583015
71097540
-1
374817520
-1
-1
226238365
379729805
167704075
295780850
-1
1862290
-1
184000875
324253915
246838725
-1
139580980
219093170
235430065
-1
171802670
22024680
90149710
18694490
325757910
380210525
166886970
284206760
315896190
-1
326303985
386409825
163605130
263322490
-1
65225600
85332080
210963520
362412145
217215225
-1
110793825
93131905
19916845
25240165
-1
117183445
257114875
277172000
67864650
318712385
174319345
274337980
367268260
124228265
276783955
-1
293707195
246510435
84318590
351044625
296541885
-1
131443020
-1
-1
-1
208113140
-1
221857940
192594595
242942960
-1
379673680
-1
154878810
-1
-1
-1
210171050
241844535
-1
129160125
331429840
-1
308377160
241406465
90473800
-1
320435695
34522295
359798095
-1
280745360
179376525
254446595
385227955
146875345
355451510
118625405
8470945
-1
-1
163276310
-1
262893645
-1
-1
272374700
64007320
345806420
53582785
31479735
36785610
-1
-1
272799705
221700290
148336310
152615445
274140055
285111820
84569205
41180885
34271705
204822685
185865715
211272630
-1
388932950
355364950
-1
394939815
13749230
368514965
197035095
378110540
196622890
118492030
235319105
33847070
112103490
241532530
-1
398678775
196052135
265884135
-1
379916950
-1
-1
332347695
320843055
332809030
53647640
-1
251174665
119541395
301089925
170658320
-1
-1
158297485
324361875
397934245
-1
290659325
94580950
92701265
-1
273336615
24329495
391763190
80403375
354421135
82772920
-1
-1
98735695
-1
138461405
383109565
283882710
257832740
-1
373945360
268280405
82193535
324558815
389104875
-1
161881045
61528210
194332795
255423360
391127120
309270010
-1
366596675
269150455
-1
288101595
378843195
229160995
-1
23678685
264556785
138856405
218134990
-1
335102335
-1
52303145
394987875
-1
110123780
215831705
213706600
-1
279521540
15695630
246119125
75623445
-1
66533315
-1
101109860
25539710
100181605
376090175
192143805
260323110
279537655
186262165
222305480
51586035
50020645
235446830
28840885
165283055
200553920
177925030
397788610
225993615
199397045
144390940
291920590
355802195
21585060
131202580
149677425
193146640
-1
196060720
-1
-1
114751935
23332930
395819295
247937950
144128605
247483000
18857485
-1
356747810
159585445
258832000
66588320
179082350
133207420
58738630
312102485
-1
224504605
220846780
74269380
-1
109117265
212486835
101283095
337446440
4024100
198497315
77551835
111837400
-1
-1
237114925
79067890
327792845
279135425
157885460
16754025
-1
200926445
343118515
149576920
32597035
303115355
107333700
122180030
213633375
14374010
375974940
-1
361628285
392646100
356624695
-1
224924740
-1
31410140
132321165
350311695
234468665
-1
-1
29902665
63617450
-1
-1
205497220
58193015
351242435
189316890
-1
-1
272791810
148589000
379162375
307786130
133898380
110602250
199125470
87974335
316319000
75049165
-1
-1
-1
301869045
74660690
237402695
-1
238171370
122939795
155851400
22420050
342502120
133695780
187866305
15001215
-1
-1
-1
92198055
286809320
230195480
212427350
226001470
105032450
170336375
-1
308851390
182076975
74154685
-1
387347525
-1
3895000
351354950
259653075
279801180
384604275
-1
322987540
-1
-1
106289480
228464205
225351160
-1
17728485
-1
318795475
-1
318684435
-1
-1
125237185
242538370
-1
11456880
72207700
122870120
66727300
-1
62253710
27747480
174647410
40962805
277400115
-1
356189680
-1
162298630
167166025
-1
309979740
177148095
323604400
140228265
156439800
-1
139184145
251024530
344843490
301926235
-1
128623000
151757490
-1
-1
371798265
-1
276012480
390910700
118343785
134447560
368550140
151248895
164912735
4175185
111528405
154458420
377999810
375031565
246920510
214911445
36720735
69602065
-1
23690085
-1
169042220
229518150
372106475
140140200
171448025
227282295
181038760
-1
165542090
105677680
179785325
326960285
108853605
196276020
333351120
47330170
268916965
176883865
-1
288222260
362624290
359881125
-1
277098315
190562230
-1
398367095
195521820
-1
255945225
14611785
-1
50810800
122748290
373121485
142380265
37812130
244626920
378154915
129559125
-1
210863280
-1
30100415
75947585
340877855
50368070
122282010
214651200
253679510
278342395
385289370
16503340
288748155
203422270
4152080
45047900
210246265
130176190
250246200
221149305
25796115
244525140
389455760
22161640
-1
164065340
8250600
301932200
250455155
88859640
160747215
118186090
262835425
47358645
185429805
363734090
24577585
-1
51570875
169450610
17652105
261383595
252113735
-1
-1
280816270
345464040
334348410
114664465
381910455
117848075
8333095
44474225
61685710
12772580
72945105
104429710
-1
299486310
234807290
14830100
193818390
139660365
292988865
208779360
27740875
10094000
228831785
15291280
393624265
314265055
67643035
306727570
20258060
79771560
-1
145173200
390442815
-1
-1
244405065
5991340
-1
327872525
382446915
181778865
4614475
170686635
-1
310390330
154081710
296765310
217961035
-1
191161220
387096335
198781335
-1
-1
130672615
271444385
321572255
207145185
-1
120647820
165972590
82657625
325002395
323752605
-1
10608105
271487185
13250485
343375720
30002525
-1
130077490
124135105
121239150
-1
-1
167850960
100715425
251348415
278286115
291640140
-1
25824900
168204250
357999710
348863240
31822725
213101640
-1
87825045
399527760
-1
39338715
-1
109845495
-1
54722905
354076225
8480890
43425390
-1
-1
366053300
59068715
222243110
192397330
-1
115119750
197340640
-1
144801560
348193920
192693570
123587735
-1
354124835
21026420
-1
58021375
66941650
250656030
393110455
126287200
104273260
118117650
106040050
386441575
30034475
269095275
162367645
-1
-1
345461160
38487955
337762215
168017115
-1
343824275
26025520
218338035
122996330
-1
123678645
-1
-1
128925075
43614300
40366670
208241440
138685650
-1
129716985
127942305
332012070
206276570
42273325
111547360
362307005
1561330
251757370
286469510
388342070
149486265
-1
113791865
-1
61881820
356834775
234703785
-1
-1
127051350
79474140
147060945
-1
40259350
260885480
-1
95986630
352438965
291393735
344385375
207020200
74592050
-1
315338730
261664935
13599935
53413080
203554270
353227560
385040015
315188285
97301790
7890290
-1
134228620
-1
7324835
-1
267087760
92435450
330309345
235034280
260776220
-1
176078500
245114240
223579505
84774295
66421440
73192430
269988310
166404275
-1
30762050
355400330
-1
248162160
-1
314975785
252800430
147697650
133310630
47720920
298529345
132923630
282634810
100033495
394842270
-1
308653510
305656335
281585955
-1
298014420
10436715
54427465
301861470
127783235
248615340
88811125
220981585
42926820
-1
-1
394881285
175337025
324418170
269404030
180809670
139063060
398590005
375929965
274599720
360816095
-1
-1
131697460
-1
295909875
350858425
341125260
188505800
115236310
214185645
220053715
296522380
258315815
-1
108245630
371502665
342752715
222866590
-1
103697580
158468085
194234435
375369955
42100495
358122810
123272285
-1
289715710
287157795
362343230
288097825
-1
-1
325930565
196447170
-1
34866385
325018155
111207430
389279600
147043990
305876240
2828940
188950870
88131825
370483340
217216930
154534565
359906445
3303155
352590800
124808430
393249125
-1
-1
105357450
193050235
302798205
207214245
16643245
88969685
-1
-1
150483375
305003680
6127030
106001600
352889370
25731630
-1
-1
293534550
13156890
317491355
-1
192194315
358254360
-1
322853500
313249285
97710055
197789130
149255505
350300440
69048910
46968055
283569885
-1
357280330
-1
272692500
180727140
-1
356686340
296130105
200705420
147861560
67990990
213004175
343779725
-1
261326835
-1
319329835
-1
-1
85312130
66713330
93111445
198777215
273094780
189927200
266843745
391396060
-1
156603425
222754405
314676570
327963630
225236965
384211550
21243500
172924900
32462280
272517330
146459190
304301205
338253160
149399645
55330380
-1
283133050
-1
220365270
205107575
375572365
84428350
70876685
258360145
-1
236790325
60388295
57613305
-1
-1
146969345
80297920
-1
355155620
234614935
102148485
161277500
31579935
-1
83472760
271972930
-1
34818660
215907530
361480675
-1
392889145
239529035
76649260
371171015
165548540
191649650
75355720
319917125
-1
288320245
390007980
334316505
259775850
320446150
328327760
368996010
-1
259521225
136353455
17984440
141635505
240577690
161809060
117110350
45316200
165123335
20548820
33201570
-1
20874615
175245950
320987805
-1
72908590
234530195
253995525
43125455
65982830
360557325
211504470
12893195
366193270
182655435
308857940
186984005
217135365
-1
157819910
56107945
233300850
-1
287093710
244164905
293060770
71851640
243113530
133035070
262841430
350442450
63089530
199450210
-1
-1
334967135
394755565
192342955
198871955
228853595
226046035
136406710
78494685
231934345
196370700
67921340
-1
-1
44079170
313155835
238838005
374253145
171885350
263602370
-1
190154615
187758850
-1
308863400
161307260
151845690
393410080
195803960
132693760
361991435
23961370
-1
-1
230497740
310403600
282091960
91138460
-1
-1
-1
316400390
290925020
342159130
-1
314173835
34926445
384211845
285042595
39928925
351338975
271196440
-1
187836530
-1
304527550
86310010
103676625
119857655
-1
342733780
1683635
44977925
107207125
244872640
375555475
-1
304975510
79455425
31727515
241630755
243775650
395590325
26312785
21098475
136546445
170541245
348066230
288358610
206831260
383640490
1432515
238272570
-1
142439445
153022820
198940955
36463485
-1
195800920
96340865
343219240
116657155
36425735
391082895
80633810
290511235
235750440
102465310
-1
12829105
387227995
341854530
281413260
345804675
115352470
328859025
-1
170994110
-1
304624320
383005035
-1
42886055
133324150
148594105
334295990
165005070
229591630
-1
259276875
-1
11526700
120202555
95491095
189134100
243711610
268128640
-1
71584815
269186780
228576065
397422130
297808550
66242945
67563135
373498165
195824065
152726035
-1
-1
64239800
46572305
-1
342395385
121033595
7341415
31579450
386625010
-1
-1
374441295
-1
-1
201240370
142894730
214048095
244646875
116222780
265897585
141189095
30420485
323662515
15846245
261710710
45233505
315477815
135391455
-1
87997635
-1
-1
65778290
-1
-1
78638085
216751710
290870325
-1
-1
333562965
-1
346555550
121951705
140306015
54803335
124167675
187294445
-1
116670460
153638585
299694680
181982170
360028285
185910915
-1
133148450
-1
182123275
169790490
232264785
307387035
178318745
75556625
123093500
73950815
-1
175567355
305921815
336904560
131348430
26095060
-1
892410
391381630
-1
379972345
46525070
-1
65665255
-1
-1
17639245
370094495
136353600
127546945
-1
394532975
285236485
-1
104429135
-1
328781025
303942485
356253250
82140840
-1
89826950
50182535
-1
35095010
206479890
220015610
112621840
205403060
328992115
308131265
251445435
95762045
-1
53979715
-1
160500905
-1
247128895
248009385
216174070
168113185
246518785
198388025
103040985
37654750
9262520
294774135
340116375
176152760
313126560
216468600
28589755
337444185
306363745
275029555
13208325
130251180
-1
172606315
124409410
263555845
66581940
152237140
92302280
46462240
90026065
308112345
-1
-1
324066270
255814515
68371515
177526745
183483845
88361545
31460275
289777265
-1
-1
344367920
339734900
135585060
393488180
118910520
387302325
-1
311352375
282684805
-1
259094800
39908490
310960905
313319180
-1
187912760
367442140
387545825
133595070
322725220
350636515
55609005
236696335
363892110
297462715
211594340
-1
25232845
10123135
378399490
86614320
349271995
305873690
368556210
138461215
45140040
223238820
180429560
241209650
172485730
-1
13249650
-1
396301440
62183695
199167940
160924210
220597320
219903155
24794940
23397620
-1
-1
184985400
135628580
-1
202422725
332110890
327435850
-1
234379080
-1
243327520
233243270
283394375
49681630
124976555
234917040
287526930
339726975
213753785
-1
52920730
129160330
389532220
-1
259337620
-1
238635140
152740395
277837655
238037640
127803815
290424365
92195305
213590950
329075560
-1
16306210
175483325
224948550
259933645
325969740
-1
217849795
339432195
-1
7745530
147581800
295095925
168310235
3936930
273348590
-1
-1
339249575
319087360
347883735
3103245
389848250
222419080
78263735
-1
369109620
306936800
104707895
124447735
39686380
346777985
271946600
229876400
-1
-1
118045315
265208560
-1
302761575
172988180
379236130
-1
-1
168557320
211264290
-1
266106395
50924365
265571495
40159365
72973540
258204460
366006395
32325145
372391810
220803825
215139455
392238815
99331995
-1
222722375
261052910
-1
296694370
91145565
4901525
220683065
300587790
202499700
-1
386310340
264601845
351208380
379157480
130263050
196211280
27515490
6370960
143050185
241703425
-1
-1
190878455
69705335
-1
58617540
377741120
-1
96188995
19832780
53019170
-1
242645215
295369365
67245600
-1
374105965
160064430
364741250
-1
240175490
36847555
-1
32231190
112532115
69832885
-1
105120175
181656455
-1
196320045
33345545
-1
-1
-1
385461640
368809220
-1
245212530
-1
378090585
373249160
152258465
137906430
179945705
34321510
251465195
208122490
-1
374596995
379420055
91352625
236620535
134458335
120218145
213677430
282239975
357132970
111710805
-1
307405660
211102040
-1
-1
-1
185014785
-1
173331690
196094450
-1
53561625
-1
376942130
62187420
151234035
-1
108533455
-1
54942115
35372425
195777255
300225180
280278975
106269255
163229710
-1
151112865
253741560
386934835
13720180
30361945
225602115
-1
-1
-1
67773495
188326760
-1
240393095
78727175
247172175
298106890
145329045
19356845
294050975
294137760
318030250
370207640
-1
150077300
206841250
389069840
292701385
273452655
-1
329821590
281931400
172973610
54650185
244102900
255773745
-1
69406670
292159895
183601555
-1
211961920
119724440
-1
215079000
71292165
-1
283564390
-1
113786515
324670100
355880750
356159605
82052950
217345115
137055530
-1
-1
176377680
3358250
12086480
314479245
345941200
-1
37993320
-1
319218640
336213870
347267570
291672080
-1
284361470
318228525
63520695
108620695
203491575
72377895
-1
342511555
178689900
104116960
9353135
14448555
347435055
304702560
161973380
153715870
-1
144813585
301156860
169584745
220214930
6065830
82079285
76553060
139690725
-1
11038700
389636865
232269630
-1
132509455
199468235
112531655
78655995
-1
-1
386030480
87858505
5989310
101091865
212580895
4391580
56808620
-1
207367110
-1
135742975
77771845
68736325
380372400
94398740
398349830
140158080
-1
154739285
53501460
283158230
246759850
-1
95202580
213881655
80135985
101931735
224313445
367716045
-1
301257500
-1
3911375
226790375
169457355
214046550
78470500
-1
158920375
304394975
138309015
86632400
191732415
276650700
105955020
135885765
201297535
8217765
26251825
124530350
-1
289927625
142763515
323775925
396563530
149225050
6001960
82091455
247268140
361442100
-1
-1
286424305
-1
186033805
136122760
96698755
-1
170594955
60176155
94595090
359815715
-1
-1
119542360
373685635
70369995
358137125
159991525
-1
149025425
5830270
362792445
-1
-1
360574860
-1
25608545
-1
-1
-1
-1
113566565
130743255
26683090
275484785
23555780
-1
262857540
-1
362579025
-1
301790275
211223110
79239755
351001820
311774790
214168780
80961975
49043560
-1
255030770
63615645
105216930
298768970
193705005
-1
126157770
-1
-1
158662740
120639740
217705185
170179735
39100365
177273535
-1
37915745
225629120
113299990
200883660
-1
-1
299456180
304392615
195818735
120687375
-1
176419470
319873650
145771965
8032155
259522490
-1
393855450
395494415
237051670
67712365
251613065
-1
76049410
179719245
313370505
-1
-1
-1
384854310
167627240
124267085
-1
189118270
75795100
147459505
64201645
31490565
196866930
335731705
-1
259274590
51248520
30942700
298285590
173943105
-1
366713685
318000685
335109925
288765605
-1
305812830
6288090
386777745
345784265
337733640
208278540
278278620
317755550
345824530
326226540
-1
193069505
180884215
107721475
315098820
173398590
312994370
-1
338497495
322740895
-1
94038695
385316935
323629320
-1
291423885
165126595
345524605
-1
132134035
22101725
288326715
-1
373734700
-1
189719045
283213600
253885140
346806265
44926265
52290680
238776380
-1
292116735
136133720
-1
-1
-1
203660705
182257010
134807645
225550730
374243680
53957880
-1
148932665
-1
199842490
272745885
248022310
345293510
-1
181318475
-1
-1
-1
-1
-1
374681485
209724780
238217955
63013505
83941825
156039585
349337080
49723155
278698255
-1
326031845
-1
363252545
343699660
242861685
388774460
-1
361620510
256889325
235214870
-1
70981595
192543635
155134135
-1
91890440
318504405
33612595
-1
909230
-1
348497410
-1
-1
343795940
60452980
-1
248697895
-1
53749800
130167275
-1
390449330
278512415
59129080
110468665
182578370
47760565
336097635
379937910
192295825
243362555
121842880
-1
351102765
-1
47768450
257789875
168009530
342511400
41623395
-1
-1
-1
86174115
-1
-1
305257045
37549755
-1
151691695
398024820
175836865
379060630
-1
134819070
306298930
376600555
187517355
142714330
141848800
363695235
-1
239835445
54119715
223238410
359808755
333978060
132740840
195488910
187783960
10534090
328578630
291279310
89546055
236122890
148543680
303563120
158091520
-1
127720950
8111085
-1
7219265
182049820
397858390
151542245
202491920
215916990
72295500
350103220
166050735
283900310
204680705
354714555
379119590
44478675
339898955
67011370
-1
-1
205607315
218633390
220631375
-1
259360090
63126415
240486925
274831230
-1
41922295
387079135
12663700
59055955
184490345
323698360
301520910
305251850
-1
124339495
-1
229507730
-1
216952085
163097335
346275570
226397110
189065295
307955575
96394345
328406345
242412765
194174870
351917725
53405475
184413170
-1
61949785
346836545
233199095
49860890
90001845
388228440
103881680
183606400
367522560
-1
93003415
116755400
9323790
389754470
-1
150438330
381337940
389042320
-1
356654645
83350535
292304145
-1
92074070
38165760
376802395
172085435
335745720
10478800
68463335
59309620
151640595
-1
323421040
-1
275803760
-1
-1
121091235
372560920
375871175
-1
-1
56580270
-1
40361220
237371185
320711040
383325065
-1
-1
278486135
188991255
-1
139979615
166217410
366393290
201005255
291015810
-1
253161665
150745810
152062430
86339090
295015250
253201445
352511650
-1
289542590
366775705
54535335
395839840
175889600
255971635
19217725
239187790
123849170
269206905
77159885
-1
340440540
385510985
373007435
-1
107282920
378793700
297919235
311839860
98963720
242778345
219477590
303028060
117532865
334890450
67620900
73985195
-1
-1
226884555
259746740
337839825
153643095
223351670
71455375
-1
107993860
105318130
266101970
-1
137533395
336796650
22058915
77178715
45779925
39537750
388161155
342911375
1847780
205758970
-1
285277825
-1
174193485
360585005
15344060
41740520
228950730
-1
21204935
82512935
-1
285224945
284301160
336781620
237114710
118026980
314459805
339579105
211309280
-1
204106000
114445100
-1
122504285
145737095
31708685
355015050
343753665
276316970
316661800
168149220
-1
269697770
300996780
186668435
171004015
127589165
168915630
311382780
358854040
-1
105521950
145833880
178501495
355369175
262933970
331202445
-1
297394185
339742180
-1
240223395
264861565
32620810
303072265
166424760
72056830
149156515
7751530
-1
70264985
388734215
-1
144785020
344369520
52746915
290027830
-1
354414350
106538245
248822950
392986770
188675420
57193500
-1
-1
59996820
-1
185441555
324400360
85363830
382427525
11965980
16762680
158599235
16737160
383687300
-1
55625190
93217090
217747205
381101095
236181545
323209420
-1
314593485
236917845
-1
120674430
376319225
-1
306130185
84925865
142255000
339360045
374177415
72869565
7675160
-1
321469115
240772815
251226980
355272950
201869680
237779555
81573010
83080360
216948980
169297660
119143780
253186790
22266495
25648545
136774345
49477015
323960895
116347445
146506210
336888835
270954510
266521595
66755165
301695880
12131655
11732640
268690125
29768870
-1
-1
321185390
140819765
155682600
236935240
141370875
-1
129944935
87538925
-1
-1
34477880
325769190
349680290
325988920
214000095
322341515
366266230
241485215
207756175
260711580
369210045
100604710
-1
-1
376525935
101606985
19561285
128867820
95148705
-1
-1
-1
-1
188101375
379345935
363163530
215947215
-1
44809400
366094145
-1
-1
96140770
274268510
277615475
-1
368803415
225424690
533060
-1
91288905
90318280
377504635
124981050
203189310
-1
-1
35900560
-1
6695360
-1
235935160
292713865
374780515
192882550
76269100
50688615
65936270
6299235
191493440
233503580
14719910
354037380
12408945
158653990
330064365
-1
118038400
-1
-1
87145710
11331580
290859555
158931450
50506555
-1
266396740
111248955
386217915
105881185
221289110
11477920
210782755
203487380
183409930
135453880
58767340
86499155
364054410
245297395
217422975
304486925
270323450
-1
-1
25725180
-1
294484675
172476640
210122975
219623415
77621260
273368580
-1
252373015
-1
-1
152559450
383938675
-1
-1
-1
142071000
236840955
390813560
15550515
383565330
21135505
-1
304624785
288838375
120842660
63095120
44646120
234797930
194559405
