10
100
684188695 226936715 454044328 657494055 466449149 30092928 821537998 269730694 671831746 368193030 147602908 519705045 433673747 763496302 487169433 675493448 726121144 311503003 551041413 930539362 998340441 262268781 287604512 519095358 433560855 993110399 255142018 722813280 406931357 167022073 664186199 406299857 465283468 942140790 576004818 61925870 874983440 720450575 857754218 274331398 78615394 756177412 420174549 89203116 341980884 401289213 785228053 297501651 609418113 996443652 205985377 681052408 820660390 72187403 314671577 222546044 968380623 186024351 394544778 866428085 431282121 79779236 529012210 56552971 309368599 847513207 506098846 739593906 235078118 31240489 565081510 301002701 44687461 455108844 317523959 793076956 539584176 311793527 375208252 615774526 143677744 692352942 83237422 491044128 399963654 29771785 666082725 332249589 909142653 396835707 982076094 718461054 183215448 642591874 930266823 849607051 257047401 790472591 402298118 840519705
100
105069930 26544115 299992351 990556823 299992351 465447090 212713855 990556823 990556823 494492993 445436212 681648437 465447090 465447090 681648437 169938189 169938189 26544115 212713855 26544115 494492993 105069930 465447090 445436212 105069930 105069930 494492993 299992351 681648437 212713855 465447090 681648437 445436212 990556823 299992351 681648437 990556823 212713855 445436212 445436212 445436212 169938189 26544115 494492993 212713855 105069930 990556823 169938189 465447090 105069930 465447090 26544115 105069930 681648437 26544115 990556823 212713855 494492993 445436212 465447090 494492993 681648437 445436212 494492993 212713855 681648437 26544115 299992351 494492993 26544115 26544115 299992351 990556823 299992351 169938189 169938189 169938189 299992351 105069930 990556823 212713855 212713855 465447090 26544115 212713855 299992351 681648437 494492993 445436212 494492993 105069930 681648437 990556823 465447090 445436212 299992351 169938189 105069930 169938189 169938189
100
61415407 668665161 564413493 625085480 660248142 62912813 324064021 675821496 593232103 935715686 900485501 578539589 82314673 340125512 39768335 2894456 622991817 360504962 186158979 443895198 461644946 882333519 335922674 67447652 590768543 740429559 229690465 960865760 916169640 382500678 447955501 542592634 54794092 688240418 624320439 536840818 11754165 90929267 546986754 480985924 915978618 873762682 118901588 813609797 186312234 912328273 541362351 140505955 669512627 280478991 12471919 735738121 910191401 775602529 960723325 61438334 342746964 852874161 888193765 379538608 167688038 196378582 959209464 726010588 120436299 261181715 391970542 274413244 655482626 469504225 337993675 542830428 194889105 232953466 421607032 457893813 305307993 288106559 479391453 692706895 414364032 365905616 867472793 860067832 347415825 175273195 222604494 784916340 373975815 343009301 803579827 168189681 598103654 276972301 558245040 634713228 795568435 966378956 335587673 476431066
100
68997802 308513857 267346229 23081371 88234531 376361534 68997802 27177415 376361534 68997802 87241270 88234531 68997802 308513857 87241270 267346229 23081371 88234531 23081371 858133707 27177415 23081371 308513857 27177415 858133707 858133707 87241270 308513857 267346229 27177415 376361534 694946522 858133707 694946522 68997802 376361534 858133707 267346229 267346229 267346229 858133707 376361534 68997802 858133707 694946522 308513857 694946522 87241270 376361534 87241270 308513857 694946522 23081371 858133707 68997802 68997802 376361534 68997802 376361534 88234531 23081371 694946522 308513857 68997802 88234531 88234531 694946522 694946522 23081371 23081371 27177415 27177415 27177415 694946522 376361534 27177415 308513857 267346229 376361534 88234531 88234531 87241270 308513857 88234531 88234531 267346229 23081371 87241270 858133707 23081371 87241270 267346229 87241270 858133707 308513857 267346229 27177415 87241270 694946522 27177415
100
581890143 171313840 901549838 558794158 622007976 683004658 817154352 425966521 673674940 647583765 939264160 114775515 805645747 213935767 138296338 825695970 249586887 811294717 727969496 253971376 217808493 526406327 14632040 989975835 18192975 642245628 803084422 216370984 7838227 490736027 637887064 194340308 484104153 684611622 300319997 129999076 407520417 121653416 357589734 423801687 340685291 817190098 92998915 161094395 54686104 115956198 224873929 682483487 676459727 958171671 711002496 282417707 464856147 12748894 135532628 839422582 981376910 384115838 36907260 668892477 933712901 229279836 113183425 780269070 339362810 662895412 185764453 720762389 330959451 114326569 386069374 645158480 886749472 1530122 843835335 268375032 698938143 347455939 399107589 894171977 243782193 933443263 611341735 744753951 974044374 764449846 543044810 504903944 681106749 878527577 714479196 500180883 719428411 149626422 551730897 34885541 955276528 425567658 390635996 662647079
100
526671986 367946876 252446506 56085042 428177025 914502544 367946876 252446506 526671986 198086317 252446506 526671986 571623747 198086317 56085042 729596598 367946876 684659468 198086317 914502544 729596598 428177025 367946876 56085042 684659468 684659468 684659468 367946876 367946876 526671986 684659468 428177025 684659468 428177025 729596598 428177025 914502544 56085042 56085042 571623747 428177025 571623747 684659468 252446506 571623747 729596598 198086317 914502544 526671986 729596598 914502544 56085042 367946876 571623747 252446506 198086317 571623747 56085042 367946876 198086317 684659468 56085042 571623747 56085042 252446506 729596598 367946876 428177025 914502544 198086317 526671986 684659468 571623747 428177025 198086317 729596598 526671986 428177025 367946876 914502544 571623747 428177025 914502544 571623747 252446506 914502544 198086317 526671986 198086317 252446506 729596598 729596598 526671986 684659468 729596598 914502544 252446506 56085042 526671986 252446506
100
241186751 998896838 16989102 878772269 189045760 205566704 534024409 110783623 174013160 717105622 677868080 905103064 96357030 954457473 972879184 882223388 765379769 305779337 653675961 59534111 335409693 952254201 863094494 408742303 558090006 196911768 748770148 265932911 428146629 992931927 514649992 460120549 513198840 475149798 520495561 998304434 132042840 943420654 586277189 523979632 181380803 886298116 41868773 426209643 501988100 486877292 237840945 708543759 499420902 751156598 584735955 856430262 926739289 658701700 593877504 578522469 60846622 522028208 859990089 692761223 929162632 184460805 565924664 129433723 485352364 588031641 664275768 289042990 911001832 623788948 415386576 837615040 409814071 844708927 933742036 369699614 368276543 701069971 911302244 89784618 597830824 46540579 722397943 528935060 393077204 401608102 985723868 67464296 844021940 55215259 879813423 235697402 850692736 394842464 429335944 969706702 239886227 307612027 567333436 141873779
100
619643963 687141459 939211658 103854481 939211658 842956922 842956922 276970823 619643963 842956922 939211658 939211658 276970823 687141459 687141459 714244745 619643963 939211658 276970823 714244745 714244745 931174016 619643963 619643963 103854481 928187106 928187106 800057802 103854481 687141459 276970823 103854481 276970823 928187106 276970823 714244745 842956922 619643963 103854481 714244745 939211658 928187106 800057802 931174016 842956922 276970823 931174016 800057802 842956922 928187106 687141459 687141459 931174016 928187106 939211658 931174016 939211658 928187106 619643963 276970823 842956922 103854481 800057802 931174016 800057802 842956922 931174016 931174016 687141459 928187106 842956922 800057802 714244745 800057802 714244745 842956922 928187106 103854481 939211658 619643963 619643963 687141459 103854481 931174016 687141459 714244745 103854481 939211658 714244745 800057802 103854481 687141459 800057802 928187106 931174016 800057802 619643963 276970823 714244745 276970823
100
599450760 940543475 828465732 370522142 935842928 632887796 140383232 971745907 738856205 580443311 805206572 301079993 661276574 306991563 414069354 605958354 483169223 346765122 822781880 818418802 372658038 824784071 92664928 25319045 86711770 857922417 822353376 886066374 526724746 528334351 435573951 878373293 294028366 783922590 525954542 498385469 993472204 67944191 633717308 914951846 295019347 309833981 74283542 756313275 961063059 31047046 513372957 880153922 858013485 157582650 588228057 546594319 240726848 391631628 502300303 344344064 774477388 225250883 150571788 9104758 96559100 397044346 489432623 598677738 264198867 294676341 852925330 184880475 674648756 569738812 508565106 470675080 110023679 739312855 573502038 798387847 683397798 931772287 436505119 181515401 236626701 433284335 755544460 821883250 77921507 429541264 490974638 584903621 434982410 673619163 423841302 308708741 296574119 237104189 791663693 498939477 97870335 494280695 952496648 995248822
100
161044360 709358342 482704048 161044360 161044360 802603133 321153871 482704048 883316802 802603133 709358342 321153871 802603133 802603133 747483327 747483327 178815691 973726113 709358342 802603133 883316802 178815691 802603133 178815691 973726113 802603133 482704048 802603133 709358342 161044360 178815691 747483327 321153871 321153871 747483327 883316802 747483327 709358342 385821129 321153871 161044360 973726113 747483327 883316802 482704048 883316802 973726113 161044360 161044360 973726113 385821129 385821129 747483327 482704048 482704048 482704048 385821129 883316802 321153871 973726113 385821129 178815691 178815691 747483327 973726113 178815691 321153871 802603133 709358342 385821129 321153871 709358342 385821129 178815691 482704048 385821129 385821129 161044360 482704048 747483327 385821129 709358342 321153871 973726113 973726113 161044360 883316802 161044360 973726113 883316802 802603133 709358342 747483327 321153871 482704048 178815691 883316802 709358342 178815691 883316802
