10
100
758347426 604670968 299394896 528558112 750837832 79542347 859795642 952229479 893398281 157137052 951747743 903371744 897646611 792932238 603774125 5270860 597454918 382637835 733690824 412148203 120668638 198666817 860772106 798843244 528678707 73967476 789990614 958174041 258028234 213626187 213789068 536196058 879570989 927267200 435461912 634887668 953156229 317951846 275336492 80431919 139932058 257581014 318492372 302732602 629368986 514390904 827277704 22566741 30989768 152767940 155928445 226636438 972290592 980613752 801094200 972695921 766356610 454051789 992815691 196013233 952875061 544266432 79037346 717341928 623950 840128562 144153284 995180225 326182863 32888740 240935936 56517292 52082888 435609812 714176448 284939152 227175553 181921391 420752819 273387188 544787734 239454687 28842667 306234515 202928544 616225237 527669247 73138187 458673617 149170957 961806413 359477790 486154797 441937257 823112782 875719520 616540658 90365440 642117031 780765273
100
626856465 698758614 119074795 419806622 679665736 144489343 193167050 626856465 679665736 419806622 608547319 144489343 608547319 679665736 144489343 364137891 679665736 698758614 608547319 419806622 193167050 193167050 698758614 608547319 419806622 409349302 364137891 119074795 193167050 144489343 698758614 409349302 626856465 364137891 144489343 679665736 698758614 193167050 698758614 626856465 193167050 409349302 193167050 144489343 626856465 409349302 698758614 626856465 419806622 409349302 409349302 364137891 144489343 419806622 119074795 626856465 364137891 409349302 119074795 679665736 698758614 608547319 626856465 608547319 679665736 679665736 626856465 144489343 364137891 119074795 193167050 144489343 626856465 698758614 119074795 409349302 608547319 409349302 193167050 409349302 364137891 608547319 364137891 679665736 419806622 193167050 608547319 364137891 698758614 419806622 608547319 119074795 419806622 679665736 119074795 364137891 144489343 119074795 419806622 119074795
100
596353432 732203400 465311259 494103417 81512573 580113168 367920329 397790956 790855750 103253811 210102926 38473501 392766098 374802944 469681552 297564160 909790214 474864814 24007393 912359450 445234135 42598964 189137018 418646458 242721086 662173507 828494865 640893538 128981250 245153597 179127428 504274987 60721374 590988663 217502439 601097154 971761557 698806722 401691808 61814873 125186203 227323672 199860411 367322256 912731850 150043091 421783243 413772193 979296501 443469414 320474736 16022109 129928804 659989000 758847852 835237465 610345998 220970637 726581564 877651318 761540350 902492551 548801151 340402137 515437644 143663288 686675538 214271166 728542231 743657772 339429567 437767870 246581446 195437318 506179598 707323043 955364073 561398539 627305902 529911612 574403047 26178419 244204193 445222588 367588527 456439768 294439320 571304134 377316526 166205543 784745354 291449994 685860124 943361137 920565515 240311442 543384517 332715079 736907331 959918985
100
410854692 875017644 383236541 493076835 633684085 633684085 218586170 501542447 487901836 410854692 501542447 861742434 218586170 861742434 493076835 990243989 633684085 383236541 875017644 383236541 218586170 493076835 875017644 493076835 990243989 410854692 875017644 383236541 383236541 410854692 487901836 493076835 875017644 875017644 487901836 501542447 633684085 633684085 861742434 383236541 501542447 218586170 633684085 218586170 218586170 487901836 218586170 861742434 487901836 493076835 861742434 875017644 218586170 487901836 633684085 501542447 875017644 383236541 501542447 383236541 990243989 501542447 493076835 990243989 410854692 990243989 990243989 875017644 493076835 218586170 633684085 861742434 633684085 861742434 501542447 990243989 487901836 493076835 633684085 875017644 383236541 410854692 861742434 410854692 410854692 218586170 501542447 861742434 861742434 410854692 990243989 410854692 493076835 487901836 487901836 501542447 990243989 487901836 990243989 383236541
100
806030313 133175169 374453248 534646531 512824571 354900523 572985476 478809071 235243578 583242116 654506808 101975094 115770869 283644367 113606744 962531358 254820434 486120662 497297178 403489907 973788514 990979423 35274171 925477550 204678848 220913175 300510929 886462591 407567497 640198735 685441702 25204204 33742033 681269971 314500849 980130155 274530050 455254147 301824364 299464206 650217192 822608741 842167599 581265219 408743096 476916566 352831029 311212422 135498278 307883541 858405057 476017768 964581491 291289750 779883101 946370051 382581120 204504502 289762998 725009221 246958329 691727359 281245576 475340659 683687946 778286169 135384260 703964811 603838306 289030874 565638095 787372810 189756965 623854750 317809877 4347774 32476581 637693429 699467332 931082731 161410804 690290983 962085956 404346957 979334181 241061587 247385147 557262302 564571211 537453032 276591628 217692817 101745609 770661870 816964737 772364069 447813725 721312385 382609102 834649494
100
618499962 535871283 618499962 618499962 664931441 535871283 554506494 664931441 427147255 664931441 554506494 618499962 706487968 664931441 427147255 711550292 535871283 546581845 554506494 618499962 535871283 554506494 706487968 711550292 546581845 711550292 427147255 669330484 618499962 711550292 664931441 706487968 669330484 618499962 427147255 554506494 711550292 546581845 554506494 711550292 711550292 711550292 535871283 706487968 546581845 669330484 706487968 427147255 600617071 664931441 706487968 427147255 546581845 535871283 669330484 664931441 706487968 600617071 600617071 546581845 664931441 664931441 600617071 554506494 546581845 600617071 600617071 427147255 600617071 669330484 554506494 618499962 711550292 554506494 706487968 706487968 427147255 535871283 669330484 600617071 535871283 427147255 554506494 669330484 706487968 669330484 711550292 600617071 669330484 535871283 546581845 427147255 618499962 546581845 600617071 535871283 669330484 618499962 546581845 664931441
100
120906466 962986429 516683685 242609591 50839468 100111966 588935981 217546088 656784106 75551624 103427780 751326346 55586460 392457067 406516892 558090580 465295882 359136919 312641541 525246166 245871100 87586486 397208048 526811132 851809737 812245640 370137084 165786197 63923558 472725192 26004778 812894876 323101406 264176650 247671923 347906661 307420945 221166688 527718972 855334411 173728680 269038927 764815205 430282441 389567059 196647439 867764714 67345220 402788750 787518873 237795591 610165236 377080826 572401722 806819040 983484054 762878589 861908016 951947304 151117791 485917496 957160844 727532737 241815698 740980558 46596684 601486785 349483883 482915312 337247837 289687349 667895966 453583566 532799109 836493479 350743736 142446716 42177354 534653176 248176014 759285565 877879455 866415957 660336692 573540862 534611653 44593776 409961840 142966300 590091071 399178141 626856728 63953619 84844944 465580497 185734019 554132226 184930160 269987280 625506404
100
95473454 334102450 969465061 505515420 117909253 95473454 733960661 95473454 95473454 897057887 213043412 897057887 969465061 213043412 969465061 95473454 117909253 213043412 733960661 334102450 192526275 192526275 213043412 117909253 213043412 334102450 505515420 283456210 117909253 733960661 897057887 283456210 505515420 334102450 897057887 334102450 117909253 283456210 213043412 505515420 95473454 117909253 733960661 192526275 334102450 969465061 334102450 192526275 283456210 213043412 505515420 897057887 95473454 95473454 213043412 192526275 733960661 283456210 192526275 334102450 192526275 283456210 117909253 897057887 505515420 283456210 969465061 117909253 733960661 334102450 192526275 897057887 969465061 969465061 505515420 505515420 283456210 897057887 969465061 283456210 117909253 969465061 505515420 213043412 897057887 505515420 95473454 733960661 117909253 733960661 95473454 213043412 897057887 334102450 733960661 733960661 969465061 283456210 192526275 192526275
100
965834246 840424577 589197707 563937150 385903438 288057210 347098585 383373976 869978559 955334921 532264760 867164330 973528766 656419303 205045447 451160570 598108904 800495122 553432675 631787557 889940031 890504245 506243146 222425092 57817264 560972355 78826784 429730550 176729785 540205173 727173916 95789604 171950928 46940220 422770595 203642641 391103539 717925858 833001952 603390469 334797456 189173692 54839987 281606156 782561820 524781150 603131404 167007998 895329638 143666559 70734779 657100440 321206531 445310250 934585581 153317427 196215787 563301600 622522163 280621709 912426018 545819831 395128136 246344470 96971064 744056623 820559499 651801267 844123327 758149765 650014518 779226778 46721717 559729001 583004184 422388864 255754791 837894276 822890649 206813882 826732734 655301022 560900571 587288379 936546317 312095931 432247977 720930659 582091962 124631758 676196137 540925872 816439147 478065224 307954168 957660857 17904521 130585998 359105379 948347064
100
96041036 433302335 856293517 103680544 2779468 130016806 433302335 723442384 191042775 103680544 191042775 96041036 856293517 856293517 103680544 433302335 96041036 433302335 130016806 433302335 103680544 723442384 723442384 191042775 103680544 191042775 723442384 130016806 2779468 96041036 103680544 856293517 723442384 2779468 747268549 103680544 96041036 572573993 856293517 747268549 572573993 191042775 723442384 572573993 747268549 96041036 856293517 572573993 856293517 572573993 2779468 2779468 856293517 130016806 747268549 103680544 723442384 130016806 433302335 96041036 747268549 572573993 572573993 747268549 96041036 433302335 572573993 747268549 96041036 747268549 191042775 433302335 191042775 191042775 130016806 747268549 191042775 723442384 103680544 2779468 433302335 2779468 723442384 191042775 723442384 747268549 433302335 2779468 96041036 2779468 130016806 572573993 2779468 130016806 572573993 130016806 103680544 130016806 856293517 856293517
