10
100
333719272 1256215 214623549 558332073 427134923 711655972 329936078 109816780 972567290 955496088 168560371 945301384 868409602 349354783 92031885 854904433 835518991 807238115 518308169 841233721 865174803 502583824 39513286 250829575 431814231 872282878 146363583 409406082 414191565 150755112 580145047 472645073 403146837 194503389 370861619 175365384 384896965 96858946 476698421 373609096 499859299 92064855 394794759 631001492 381659759 90817748 358396658 149164043 411545921 833274544 2235388 29538626 855639329 738453148 319240158 704585430 644538099 270461096 318126171 735883958 275954956 383417270 229029704 4637149 143938713 970940563 392560241 509943767 982265112 922779222 810769881 856995807 304839273 568589217 139707615 149516665 401244099 878140454 487520362 501743442 748680344 286268936 430236390 631008619 350637792 733108993 179195103 876590685 465906305 149204979 160985650 256766512 850031723 770704385 815982504 895566339 176656049 322338977 618361730 647035133
100
692868389 775710813 559550761 256552629 775710813 256552629 516759346 694315525 692868389 743535422 775710813 775710813 516759346 475035441 775710813 743535422 694994079 516759346 87121056 516759346 694315525 475035441 559550761 775710813 256552629 743535422 87121056 694994079 475035441 559550761 743535422 559550761 692868389 694315525 516759346 694994079 692868389 692868389 775710813 256552629 87121056 694994079 87121056 256552629 694994079 559550761 516759346 256552629 743535422 87121056 475035441 743535422 87121056 516759346 559550761 87121056 256552629 256552629 87121056 694315525 743535422 692868389 475035441 743535422 694315525 694994079 692868389 559550761 692868389 694994079 256552629 559550761 694315525 694315525 692868389 475035441 87121056 475035441 256552629 559550761 516759346 694994079 475035441 743535422 775710813 694315525 692868389 694315525 694994079 475035441 559550761 516759346 516759346 775710813 694315525 475035441 775710813 743535422 694994079 87121056
100
423067582 267604295 659283456 483851392 472741603 86895076 239448421 935814587 305692602 768486279 164339324 595858829 392832684 444208662 875375364 345210772 411035107 773194918 489951447 512695096 451481023 684655911 526391665 739340225 557766761 770942057 177987123 3225432 956436439 941701734 940732933 109437709 801633117 409269773 563608406 317182107 951062515 889903974 453831113 113962165 817852641 135827624 79908196 97231274 231323494 153594144 938085133 879320490 523891177 497907647 488336401 790179087 510775209 156900725 328100336 79190611 62724277 48145883 592240055 377958336 417352690 568002810 749657033 673917376 69792002 840031074 785466080 253976536 254496065 982415060 334435380 344320615 179106399 42156916 896670549 665383176 202565537 466971366 2540497 201024901 691675445 71928959 218653820 347987350 514345926 424229634 68774970 448707896 594850210 370258328 754922628 319185581 119941728 999030191 399257974 214114082 158343032 190945030 973052158 316560564
100
963961605 942908657 318681137 787446361 942908657 477281012 477281012 860878302 977070415 787446361 318681137 787446361 942908657 963961605 860878302 860878302 787446361 860878302 906490427 318681137 963961605 860878302 977070415 477281012 860878302 477281012 963961605 963961605 318681137 977070415 906490427 963961605 755966664 906490427 318681137 787446361 977070415 477281012 787446361 860878302 477281012 963961605 906490427 942908657 787446361 689633095 477281012 977070415 787446361 860878302 942908657 942908657 906490427 689633095 755966664 477281012 755966664 787446361 963961605 755966664 963961605 318681137 906490427 755966664 689633095 977070415 942908657 906490427 689633095 942908657 942908657 942908657 906490427 977070415 318681137 689633095 477281012 755966664 318681137 689633095 977070415 977070415 906490427 689633095 977070415 787446361 755966664 860878302 318681137 906490427 318681137 755966664 689633095 477281012 755966664 755966664 689633095 963961605 860878302 689633095
100
803545062 8356504 784514935 357761689 870403218 482614456 268640106 724241955 478984099 697301999 688040574 421068774 653578166 396782051 325941392 387333373 291455328 638086223 71082109 260056922 985931891 845950800 499247007 893757685 264808512 190163988 559352289 794013400 653319717 436051895 370538512 203164652 776918156 439214667 655927396 579054773 993402211 430556177 100318760 317663586 900438898 513475532 144345940 314607589 193223651 47831933 989267554 88529006 306363152 941425367 735371470 966345849 728132714 835382355 877718639 44672249 658413772 875335974 236735448 842693176 950129808 426188413 385465335 895050921 81172024 105961394 274163505 602523821 725250722 611407407 457126065 758497807 399321880 775012258 445424449 46621552 197721260 79910660 775135663 423223526 723957940 849276880 958106606 661310703 519560392 671155275 429804317 394168084 970377098 374872570 618897668 572352038 154312217 798971127 240833754 51854930 533300779 606157428 55672945 942759571
100
748533187 77437979 579883005 179420506 905384072 749818251 579883005 611459497 748533187 77437979 77437979 611459497 640598949 575515261 941474298 77437979 579883005 575515261 179420506 179420506 905384072 749818251 748533187 575515261 640598949 579883005 579883005 749818251 611459497 611459497 77437979 941474298 579883005 749818251 748533187 749818251 941474298 640598949 748533187 179420506 575515261 575515261 579883005 611459497 749818251 905384072 579883005 77437979 579883005 179420506 77437979 179420506 748533187 941474298 941474298 575515261 749818251 640598949 905384072 748533187 941474298 749818251 941474298 905384072 77437979 748533187 179420506 579883005 941474298 640598949 575515261 575515261 941474298 905384072 749818251 748533187 905384072 749818251 77437979 611459497 611459497 905384072 640598949 77437979 611459497 575515261 611459497 640598949 179420506 640598949 640598949 611459497 179420506 905384072 905384072 748533187 941474298 575515261 179420506 640598949
100
465004001 528165230 333783442 783776283 182267208 260032134 705717118 295041346 403466764 901736216 94226535 273468269 628728115 138004450 493449046 838519413 115056391 27755827 345702977 963535555 843591732 172648863 469762049 826691850 152341571 876561285 534077732 797931560 867837665 607344642 592550255 608800100 143556089 850040812 178252190 393846297 670664684 875440551 380392798 976630722 560852783 722159962 977374388 627697800 321724021 66818746 76435581 937062163 650530881 822169898 771720055 544407341 448118322 280714196 603552231 285698839 36752270 171365442 716588834 924916555 816634880 159778202 999757338 800741533 804066582 896827304 835313653 857319014 511004926 974478471 377066068 836620293 558515052 373932711 265753580 316306867 822230965 873193111 677005798 275769268 807094129 580326974 825651263 629404770 287261360 422580140 271121724 918104998 96535215 388427132 264448481 456378275 363500491 481461128 566272923 777968088 23285944 746347288 735948932 585637243
100
659571047 337891872 279542948 574495571 98429623 40589410 98429623 301789519 486733494 279542948 337891872 279542948 337891872 301789519 574495571 659571047 337891872 143203863 98429623 98429623 184194227 301789519 301789519 574495571 184194227 40589410 486733494 143203863 98429623 486733494 486733494 337891872 143203863 486733494 301789519 301789519 659571047 659571047 98429623 184194227 40589410 574495571 574495571 40589410 659571047 659571047 301789519 184194227 143203863 301789519 574495571 574495571 279542948 184194227 486733494 486733494 143203863 279542948 184194227 337891872 40589410 659571047 98429623 279542948 301789519 40589410 486733494 184194227 279542948 659571047 98429623 337891872 574495571 40589410 184194227 184194227 40589410 337891872 574495571 98429623 143203863 279542948 184194227 143203863 40589410 337891872 143203863 40589410 659571047 279542948 98429623 659571047 486733494 143203863 574495571 143203863 279542948 301789519 337891872 486733494
100
377952141 842080451 739424625 312305030 218993258 282731186 648464227 67630366 298836562 885951895 421920526 506198583 958940680 581593600 389120171 316578316 535740511 393077388 578830947 262384604 37257656 297450504 467447334 998288149 555358567 643737194 337240352 459271708 45277272 893948258 251851223 536191689 882128439 968777107 9072334 529633569 826887368 681300141 302752255 211576474 970560616 845866648 656615100 719925816 713878350 305434592 816064960 509279644 760212629 567271863 513303867 173287855 707393460 123201231 194455727 345082231 491806361 368319106 453103499 782865024 952359791 248641613 219360908 752847495 403285600 370102760 658143477 560156115 10577198 437009377 394633529 186775775 98080355 593371530 737391059 108899065 699916070 746191777 435750986 891559336 790356904 791232661 801693692 829162897 746182033 670202013 188833891 582685997 736307850 239846169 658862337 939310959 686143673 580183444 629522022 905033145 7289892 589533796 838022843 801976340
100
788450275 788450275 916755851 916755851 887600834 342299540 865941307 656091638 342299540 887600834 80430900 865941307 742736928 80430900 656091638 436570156 742736928 656091638 656091638 742736928 865941307 656091638 656091638 865941307 916755851 342299540 742736928 570242992 887600834 865941307 887600834 865941307 865941307 80430900 887600834 80430900 342299540 342299540 742736928 570242992 916755851 342299540 80430900 742736928 436570156 80430900 436570156 80430900 570242992 916755851 788450275 865941307 887600834 865941307 887600834 570242992 436570156 570242992 788450275 80430900 742736928 570242992 656091638 788450275 656091638 436570156 887600834 742736928 865941307 887600834 887600834 916755851 570242992 916755851 436570156 788450275 570242992 788450275 916755851 436570156 742736928 342299540 916755851 436570156 656091638 342299540 570242992 788450275 788450275 342299540 570242992 742736928 80430900 916755851 788450275 436570156 342299540 80430900 436570156 656091638
